0S 11 0 0.000000 11 1 0.550000 11 2 1.000000 11 3 1.500000 11 4 2.000000 11 5 2.550000 11 6 3.050000 11 7 3.550000 11 8 4.050000 11 9 4.550000 11 10 5.050000 11 11 5.550000 11 12 6.050000 11 13 6.550000 11 14 7.050000 11 15 7.550000 11 16 8.050000 11 17 8.550000 11 18 9.050000 11 19 9.500000 11 20 10.000000 11 21 10.500000 12 0 0.000000 12 1 0.550000 12 2 1.000000 12 3 1.500000 12 4 2.000000 12 5 2.550000 12 6 3.050000 12 7 3.550000 12 8 4.050000 12 9 4.550000 12 10 5.050000 12 11 5.550000 12 12 6.050000 12 13 6.550000 12 14 7.050000 12 15 7.550000 12 16 8.050000 12 17 8.550000 12 18 9.050000 12 19 9.500000 12 20 10.000000 12 21 10.500000
1L 13 0 0.000000 13 1 0.550000 13 2 1.050000 12 2 1.200000 12 3 1.550000 12 4 2.050000 12 5 2.600000 11 5 2.850000 11 6 3.150000 11 7 3.700000 10 7 3.900000 10 8 4.300000 9 8 4.700000 9 9 5.000000 8 9 5.450000 8 10 5.700000 7 10 6.100000 7 11 6.550000 6 11 6.700000 5 11 7.300000 5 12 7.550000 4 12 7.850000 3 12 8.350000 2 12 8.900000 2 13 9.250000 1 13 9.400000 0 13 9.900000 14 0 0.000000 14 1 0.550000 14 2 1.050000 14 3 1.550000 14 4 2.050000 13 4 2.450000 13 5 2.600000 13 6 3.100000 13 7 3.650000 12 7 3.700000 12 8 4.250000 11 8 4.650000 11 9 4.850000 10 9 5.450000 10 10 5.500000 9 10 6.150000 9 11 6.250000 8 11 6.800000 8 12 7.000000 7 12 7.400000 7 13 7.950000 6 13 8.000000 5 13 8.550000 4 13 9.100000 4 14 9.200000 3 14 9.600000 2 14 10.150000 1 14 10.650000 0 14 11.150000
0L 11 0 0.000000 11 1 0.550000 11 2 1.050000 10 2 1.100000 10 3 1.550000 10 4 2.050000 10 5 2.600000 9 5 2.650000 9 6 3.200000 8 6 3.600000 8 7 3.800000 7 7 4.350000 7 8 4.500000 6 8 5.050000 6 9 5.250000 5 9 5.650000 5 10 6.200000 4 10 6.250000 3 10 6.800000 2 10 7.300000 2 11 7.750000 1 11 7.800000 0 11 8.300000 12 0 0.000000 12 1 0.550000 12 2 1.050000 12 3 1.550000 12 4 2.050000 11 4 2.300000 11 5 2.600000 11 6 3.150000 10 6 3.450000 10 7 3.750000 9 8 4.350000 9 9 5.000000 8 9 5.100000 7 10 5.750000 6 10 6.350000 6 11 6.650000 5 11 6.950000 4 11 7.500000 4 12 7.800000 3 12 8.050000 2 12 8.550000 1 12 9.050000 0 12 9.600000
0R 12 0 0.000000 12 1 0.550000 13 1 1.000000 13 2 1.050000 13 3 1.550000 13 4 2.100000 14 4 2.400000 14 5 2.650000 15 5 3.250000 15 6 3.300000 16 7 4.000000 17 7 4.600000 17 8 4.850000 18 8 5.200000 19 8 5.700000 20 8 6.250000 20 9 6.300000 21 9 6.750000 11 0 0.000000 11 1 0.550000 11 2 1.050000 11 3 1.550000 11 4 2.050000 12 4 2.100000 12 5 2.600000 13 6 3.200000 13 7 3.850000 14 7 4.000000 14 8 4.550000 15 8 4.700000 16 9 5.350000 17 9 5.900000 17 10 6.400000 18 10 6.450000 19 10 7.000000 20 10 7.500000 21 10 8.000000
1R 14 0 0.000000 14 1 0.550000 15 1 0.900000 15 2 1.050000 15 3 1.550000 16 4 2.150000 16 5 2.800000 17 5 2.900000 18 6 3.550000 19 6 4.150000 20 6 4.650000 20 7 4.850000 21 7 5.200000 13 0 0.000000 13 1 0.550000 13 2 1.050000 13 3 1.550000 14 3 1.900000 14 4 2.100000 14 5 2.700000 15 5 2.900000 15 6 3.350000 16 6 3.650000 16 7 4.050000 17 7 4.300000 18 7 4.850000 18 8 5.050000 19 8 5.400000 20 8 5.950000 21 8 6.450000
1S 13 0 0.000000 13 1 0.550000 13 2 1.000000 13 3 1.500000 13 4 2.000000 13 5 2.550000 13 6 3.050000 13 7 3.550000 13 8 4.050000 13 9 4.550000 13 10 5.050000 13 11 5.550000 13 12 6.050000 13 13 6.550000 13 14 7.050000 13 15 7.550000 13 16 8.050000 13 17 8.550000 13 18 9.050000 13 19 9.500000 13 20 10.000000 13 21 10.500000 14 0 0.000000 14 1 0.550000 14 2 1.000000 14 3 1.500000 14 4 2.000000 14 5 2.550000 14 6 3.050000 14 7 3.550000 14 8 4.050000 14 9 4.550000 14 10 5.050000 14 11 5.550000 14 12 6.050000 14 13 6.550000 14 14 7.050000 14 15 7.550000 14 16 8.050000 14 17 8.550000 14 18 9.050000 14 19 9.500000 14 20 10.000000 14 21 10.500000
2S 15 0 0.000000 15 1 0.550000 15 2 1.000000 15 3 1.500000 15 4 2.000000 15 5 2.550000 15 6 3.050000 15 7 3.550000 15 8 4.050000 15 9 4.550000 15 10 5.050000 15 11 5.550000 15 12 6.050000 15 13 6.550000 15 14 7.050000 15 15 7.550000 15 16 8.050000 15 17 8.550000 15 18 9.050000 15 19 9.500000 15 20 10.000000 15 21 10.500000 16 0 0.000000 16 1 0.550000 16 2 1.000000 16 3 1.500000 16 4 2.000000 16 5 2.550000 16 6 3.050000 16 7 3.550000 16 8 4.050000 16 9 4.550000 16 10 5.050000 16 11 5.550000 16 12 6.050000 16 13 6.550000 16 14 7.050000 16 15 7.550000 16 16 8.050000 16 17 8.550000 16 18 9.050000 16 19 9.500000 16 20 10.000000 16 21 10.500000
2R 16 0 0.000000 16 1 0.550000 17 1 0.750000 17 2 1.050000 17 3 1.600000 18 3 1.850000 18 4 2.300000 19 4 2.500000 20 4 3.100000 20 5 3.400000 21 5 3.600000 15 0 0.000000 15 1 0.550000 15 2 1.050000 15 3 1.600000 16 3 1.700000 16 4 2.150000 17 4 2.550000 17 5 2.850000 18 5 3.250000 18 6 3.700000 19 6 3.800000 20 6 4.350000 21 6 4.850000
2L 15 0 0.000000 15 1 0.550000 15 2 1.050000 14 2 1.250000 14 3 1.550000 14 4 2.050000 14 5 2.550000 13 5 3.050000 13 6 3.100000 13 7 3.650000 12 7 4.150000 12 8 4.250000 12 9 4.850000 11 9 5.050000 11 10 5.500000 10 10 5.800000 10 11 6.150000 9 11 6.500000 9 12 6.950000 8 12 7.150000 7 12 7.750000 7 13 7.800000 6 13 8.350000 5 14 8.900000 4 14 9.400000 3 14 9.950000 2 14 10.450000 2 15 10.750000 1 15 10.950000 0 15 11.450000 16 0 0.000000 16 1 0.550000 16 2 1.050000 16 3 1.550000 16 4 2.050000 16 5 2.550000 15 5 2.650000 15 6 3.100000 15 7 3.650000 14 7 3.950000 14 8 4.200000 14 9 4.750000 13 9 4.950000 13 10 5.400000 12 10 5.800000 12 11 6.000000 11 11 6.550000 11 12 6.700000 10 12 7.200000 10 13 7.450000 9 13 7.850000 9 14 8.300000 8 14 8.450000 7 14 9.050000 7 15 9.300000 6 15 9.600000 5 15 10.150000 5 16 10.600000 4 16 10.700000 3 16 11.200000 2 16 11.700000 1 16 12.200000 0 16 12.700000
3R 18 0 0.000000 18 1 0.550000 19 1 0.600000 19 2 1.100000 20 2 1.450000 20 3 1.950000 21 3 2.050000 17 0 0.000000 17 1 0.550000 17 2 1.050000 18 2 1.450000 18 3 1.650000 19 3 2.150000 19 4 2.400000 20 4 2.750000 21 4 3.300000
3S 17 0 0.000000 17 1 0.550000 17 2 1.000000 17 3 1.500000 17 4 2.000000 17 5 2.550000 17 6 3.050000 17 7 3.550000 17 8 4.050000 17 9 4.550000 17 10 5.050000 17 11 5.550000 17 12 6.050000 17 13 6.550000 17 14 7.050000 17 15 7.550000 17 16 8.050000 17 17 8.550000 17 18 9.050000 17 19 9.500000 17 20 10.000000 17 21 10.500000 18 0 0.000000 18 1 0.550000 18 2 1.000000 18 3 1.500000 18 4 2.000000 18 5 2.550000 18 6 3.050000 18 7 3.550000 18 8 4.050000 18 9 4.550000 18 10 5.050000 18 11 5.550000 18 12 6.050000 18 13 6.550000 18 14 7.050000 18 15 7.550000 18 16 8.050000 18 17 8.550000 18 18 9.050000 18 19 9.500000 18 20 10.000000 18 21 10.500000
4R 20 0 0.000000 21 0 0.400000 21 1 0.600000 19 0 0.000000 19 1 0.550000 20 1 1.100000 20 2 1.150000 21 2 1.700000
3L 17 0 0.000000 17 1 0.550000 17 2 1.050000 16 2 1.350000 16 3 1.550000 16 4 2.050000 16 5 2.550000 16 6 3.100000 15 6 3.250000 15 7 3.650000 15 8 4.200000 14 8 4.400000 14 9 4.750000 13 10 5.350000 13 11 6.000000 12 11 6.150000 12 12 6.650000 11 12 6.900000 11 13 7.400000 10 13 7.550000 9 14 8.200000 8 14 8.800000 8 15 9.150000 7 15 9.350000 6 15 9.950000 6 16 10.300000 5 16 10.450000 4 16 11.000000 3 16 11.500000 2 16 12.050000 2 17 12.200000 1 17 12.550000 0 17 13.050000 18 0 0.000000 18 1 0.550000 18 2 1.050000 18 3 1.550000 18 4 2.050000 18 5 2.550000 17 5 2.800000 17 6 3.100000 17 7 3.600000 16 8 4.150000 16 9 4.700000 15 9 5.200000 15 10 5.300000 15 11 5.900000 14 11 6.100000 14 12 6.550000 13 12 6.900000 13 13 7.200000 12 13 7.600000 12 14 7.900000 11 14 8.300000 11 15 8.700000 10 15 8.900000 9 15 9.500000 9 16 9.600000 8 16 10.100000 7 17 10.650000 6 17 11.200000 5 17 11.750000 5 18 12.050000 4 18 12.250000 3 18 12.800000 2 18 13.300000 1 18 13.800000 0 18 14.300000
4S 19 0 0.000000 19 1 0.550000 19 2 1.000000 19 3 1.500000 19 4 2.000000 19 5 2.550000 19 6 3.050000 19 7 3.550000 19 8 4.050000 19 9 4.550000 19 10 5.050000 19 11 5.550000 19 12 6.050000 19 13 6.550000 19 14 7.050000 19 15 7.550000 19 16 8.050000 19 17 8.550000 19 18 9.050000 19 19 9.500000 19 20 10.000000 19 21 10.500000 20 0 0.000000 20 1 0.550000 20 2 1.000000 20 3 1.500000 20 4 2.000000 20 5 2.550000 20 6 3.050000 20 7 3.550000 20 8 4.050000 20 9 4.550000 20 10 5.050000 20 11 5.550000 20 12 6.050000 20 13 6.550000 20 14 7.050000 20 15 7.550000 20 16 8.050000 20 17 8.550000 20 18 9.050000 20 19 9.500000 20 20 10.000000 20 21 10.500000
4L 19 0 0.000000 19 1 0.550000 19 2 1.050000 18 2 1.400000 18 3 1.550000 18 4 2.050000 18 5 2.550000 18 6 3.100000 17 6 3.450000 17 7 3.600000 17 8 4.150000 16 8 4.650000 16 9 4.700000 16 10 5.300000 15 10 5.650000 15 11 5.900000 14 12 6.500000 14 13 7.150000 13 13 7.250000 13 14 7.850000 12 14 7.950000 11 14 8.600000 11 15 8.650000 10 15 9.250000 10 16 9.500000 9 16 9.850000 8 16 10.400000 8 17 10.450000 7 17 11.000000 6 17 11.500000 6 18 11.700000 5 18 12.050000 4 18 12.600000 3 18 13.100000 2 18 13.600000 2 19 13.700000 1 19 14.100000 0 19 14.600000 20 0 0.000000 20 1 0.550000 20 2 1.050000 20 3 1.550000 20 4 2.050000 20 5 2.550000 19 5 2.900000 19 6 3.050000 19 7 3.600000 19 8 4.150000 18 8 4.400000 18 9 4.700000 18 10 5.250000 17 10 5.500000 17 11 5.800000 16 12 6.400000 16 13 7.050000 15 13 7.250000 15 14 7.700000 14 14 8.000000 14 15 8.400000 13 15 8.700000 13 16 9.150000 12 16 9.350000 11 17 9.950000 10 17 10.550000 10 18 10.900000 9 18 11.150000 8 18 11.700000 8 19 12.000000 7 19 12.250000 6 19 12.800000 5 19 13.300000 5 20 13.450000 4 20 13.850000 3 20 14.350000 2 20 14.850000 1 20 15.350000 0 20 15.850000
