0L3S 3.350000 4.000000 6.283185 7.000000 6.283185 7.000000
0L6R 4.250000 2.700000 6.283185 4.712389 6.283185 4.712389
0L0R 0.000000 0.000000 2.050000 2.050000 6.283185 4.712389
0L0S 0.000000 0.000000 2.900000 3.000000 6.283185 7.000000
0L6S 0.000000 3.000000 4.200000 7.000000 6.283185 7.000000
0L3L 0.000000 3.150000 3.150000 6.283185 6.283185 6.283185
0L1L 0.550000 0.700000 6.250000 7.800000 6.283185 7.853982
0L4L 2.000000 3.850000 4.150000 6.000000 6.283185 7.853982
0L7S 2.850000 2.400000 5.300000 4.800000 6.283185 7.000000
0L7L 2.400000 3.200000 3.850000 4.650000 6.283185 7.853982
0L5L 3.100000 4.750000 5.150000 6.800000 6.283185 9.424778
0L8S 4.150000 2.100000 6.283185 4.200000 6.283185 7.000000
0L9S 2.050000 0.000000 6.250000 4.000000 6.283185 7.000000
0L10S 1.000000 2.200000 3.400000 4.600000 6.283185 7.000000
0L9L 3.150000 0.000000 6.283185 3.150000 6.283185 6.283185
0L11S 0.000000 2.800000 2.100000 4.900000 6.283185 7.000000
0L8L 0.700000 2.250000 5.600000 7.200000 6.283185 9.424778
0L10L 2.150000 1.900000 4.300000 4.000000 6.283185 7.853982
0S0R 0.000000 0.000000 2.650000 2.550000 7.000000 4.712389
0S0L 0.000000 0.000000 3.000000 2.900000 7.000000 6.283185
0S3S 3.000000 1.950000 5.050000 4.050000 7.000000 7.000000
0S3L 0.000000 2.050000 4.000000 6.250000 7.000000 6.283185
0L11L 1.150000 2.600000 3.200000 4.700000 6.283185 9.424778
0S2L 3.000000 3.500000 5.750000 6.300000 7.000000 9.424778
0S1L 0.000000 0.000000 4.500000 4.650000 7.000000 7.853982
0S5S 5.000000 1.950000 7.000000 4.050000 7.000000 7.000000
0S4L 2.600000 2.050000 5.200000 4.650000 7.000000 7.853982
0S6L 3.000000 0.000000 7.000000 4.200000 7.000000 6.283185
0S11S 0.000000 3.000000 2.000000 5.050000 7.000000 7.000000
0S9S 1.950000 3.000000 4.050000 5.050000 7.000000 7.000000
0S5L 4.000000 2.000000 6.350000 4.400000 7.000000 9.424778
0S9L 4.000000 3.350000 7.000000 6.283185 7.000000 6.283185
0S7L 1.800000 3.200000 4.400000 5.800000 7.000000 7.853982
0R0S 0.000000 0.000000 2.550000 2.650000 4.712389 7.000000
0R1R 0.250000 0.150000 4.700000 3.141593 4.712389 3.141593
0R0L 0.000000 0.000000 2.050000 2.050000 4.712389 6.283185
0S10S 0.950000 3.000000 3.050000 5.050000 7.000000 7.000000
0S4S 4.000000 1.950000 6.050000 4.050000 7.000000 7.000000
0S8L 0.650000 5.000000 3.000000 7.400000 7.000000 9.424778
0R2S 2.500000 1.700000 4.712389 3.900000 4.712389 7.000000
0R1L 0.000000 0.000000 3.100000 3.000000 4.712389 7.853982
0R2L 2.000000 1.600000 4.100000 3.650000 4.712389 9.424778
0S11L 1.250000 3.100000 4.000000 5.950000 7.000000 9.424778
0R6L 2.700000 4.250000 4.712389 6.283185 4.712389 6.283185
0R9S 2.150000 4.350000 4.712389 7.000000 4.712389 7.000000
0R10S 1.000000 3.500000 4.700000 7.000000 4.712389 7.000000
0R7L 1.650000 4.850000 4.700000 7.850000 4.712389 7.853982
0R8L 0.600000 5.750000 2.750000 7.850000 4.712389 9.424778
0R11S 0.000000 3.100000 2.200000 5.300000 4.712389 7.000000
0R1S 0.000000 0.000000 3.700000 3.500000 4.712389 7.000000
1L1R 0.000000 0.000000 1.950000 1.850000 7.853982 3.141593
0S3R 4.350000 2.150000 7.000000 4.712389 7.000000 4.712389
1L0R 0.000000 0.000000 3.000000 3.100000 7.853982 4.712389
1L0S 0.000000 0.000000 4.650000 4.500000 7.853982 7.000000
0R11L 1.700000 4.000000 3.050000 5.450000 4.712389 9.424778
1L0L 0.700000 0.550000 7.800000 6.250000 7.853982 6.283185
1L3S 3.200000 2.500000 7.850000 7.000000 7.853982 7.000000
1L4S 4.600000 3.650000 7.853982 7.000000 7.853982 7.000000
1L3L 1.900000 2.150000 4.000000 4.300000 7.853982 6.283185
1L7R 5.950000 1.300000 7.853982 3.141593 7.853982 3.141593
1L2L 0.450000 0.550000 7.050000 8.450000 7.853982 9.424778
1L4L 2.950000 2.850000 5.000000 4.900000 7.853982 7.853982
1L6S 3.200000 1.800000 5.800000 4.400000 7.853982 7.000000
1L6R 4.850000 1.650000 7.850000 4.700000 7.853982 4.712389
1L7S 4.600000 1.300000 6.850000 3.550000 7.853982 7.000000
1L6L 3.200000 2.400000 4.650000 3.850000 7.853982 6.283185
1L8S 5.750000 1.050000 7.853982 3.150000 7.853982 7.000000
1S1R 0.000000 0.000000 2.250000 2.100000 7.000000 3.141593
0S10L 2.500000 3.200000 7.000000 7.850000 7.000000 7.853982
1L9S 2.050000 2.600000 4.650000 5.200000 7.853982 7.000000
1S0R 0.000000 0.000000 3.500000 3.700000 7.000000 4.712389
1L10S 1.000000 3.450000 3.250000 5.700000 7.853982 7.000000
1L9L 3.850000 2.000000 6.000000 4.150000 7.853982 6.283185
1L7L 1.400000 1.400000 6.450000 6.450000 7.853982 7.853982
1L11S 0.000000 3.850000 2.100000 5.950000 7.853982 7.000000
1S4R 4.750000 1.000000 7.000000 3.141593 7.000000 3.141593
1S4S 4.000000 1.000000 6.050000 3.050000 7.000000 7.000000
1L8L 0.250000 1.100000 7.600000 8.350000 7.853982 9.424778
1S3S 3.000000 1.000000 5.050000 3.050000 7.000000 7.000000
1S3R 3.500000 1.000000 7.000000 4.700000 7.000000 4.712389
1S3L 2.200000 1.000000 4.600000 3.400000 7.000000 6.283185
1S5S 5.000000 1.000000 7.000000 3.050000 7.000000 7.000000
1S2L 0.000000 0.000000 4.900000 5.050000 7.000000 9.424778
1S4L 3.450000 1.000000 5.700000 3.250000 7.000000 7.853982
1L11L 1.800000 3.600000 3.900000 5.700000 7.853982 9.424778
1S6L 2.400000 2.850000 4.800000 5.300000 7.000000 6.283185
1S9S 1.950000 4.000000 4.050000 6.050000 7.000000 7.000000
1L5L 3.950000 3.700000 6.050000 5.800000 7.853982 9.424778
1S7L 1.300000 4.600000 3.550000 6.850000 7.000000 7.853982
1S5L 4.550000 1.000000 6.750000 3.150000 7.000000 9.424778
1R2R 0.150000 0.050000 3.141593 1.570796 3.141593 1.570796
1R0R 0.150000 0.250000 3.141593 4.700000 3.141593 4.712389
1R1S 0.000000 0.000000 2.100000 2.250000 3.141593 7.000000
1S11S 0.000000 4.000000 2.000000 6.050000 7.000000 7.000000
1R2S 0.000000 0.000000 3.141593 2.850000 3.141593 7.000000
1L1S 0.000000 0.000000 3.250000 3.350000 7.853982 7.000000
1R1L 0.000000 0.000000 1.850000 1.950000 3.141593 7.853982
1S10L 3.650000 4.600000 7.000000 7.853982 7.000000 7.853982
1S8L 0.250000 6.250000 2.450000 8.450000 7.000000 9.424778
1R2L 0.000000 0.000000 2.900000 2.650000 3.141593 9.424778
1S11L 2.100000 4.350000 7.000000 9.400000 7.000000 9.424778
1R11S 0.000000 4.150000 3.141593 7.000000 3.141593 7.000000
1R7L 1.300000 5.950000 3.141593 7.853982 3.141593 7.853982
1R8L 0.250000 6.750000 3.141593 9.424778 3.141593 9.424778
1R10S 1.000000 4.750000 3.141593 7.000000 3.141593 7.000000
2L2R 0.000000 0.000000 1.650000 1.500000 9.424778 1.570796
2L1R 0.000000 0.000000 2.650000 2.900000 9.424778 3.141593
2L0R 1.600000 2.000000 3.650000 4.100000 9.424778 4.712389
1L10L 2.850000 2.950000 4.900000 5.000000 7.853982 7.853982
1S10S 0.950000 4.000000 3.050000 6.050000 7.000000 7.000000
2L1S 0.000000 0.000000 5.050000 4.900000 9.424778 7.000000
2L0S 3.500000 3.000000 6.300000 5.750000 9.424778 7.000000
2L3L 2.600000 1.150000 4.700000 3.200000 9.424778 6.283185
2L3R 4.000000 1.700000 5.450000 3.050000 9.424778 4.712389
2L2S 0.000000 0.000000 3.550000 3.650000 9.424778 7.000000
2L3S 3.100000 1.250000 5.950000 4.000000 9.424778 7.000000
2L4S 4.350000 2.100000 9.400000 7.000000 9.424778 7.000000
2L8R 7.800000 0.050000 9.424778 1.570796 9.424778 1.570796
2L1L 0.550000 0.450000 8.450000 7.050000 9.424778 7.853982
2L5S 5.900000 3.350000 9.424778 7.000000 9.424778 7.000000
1S1L 0.000000 0.000000 3.350000 3.250000 7.000000 7.853982
2L6R 5.750000 0.600000 7.850000 2.750000 9.424778 4.712389
2L6S 5.000000 0.650000 7.400000 3.000000 9.424778 7.000000
2L7S 6.250000 0.250000 8.450000 2.450000 9.424778 7.000000
2L8S 7.350000 0.050000 9.424778 2.150000 9.424778 7.000000
2L4L 3.600000 1.800000 5.700000 3.900000 9.424778 7.853982
2L9L 4.750000 3.100000 6.800000 5.150000 9.424778 6.283185
2S2R 0.000000 0.000000 1.750000 1.570796 7.000000 1.570796
2L9S 2.000000 4.000000 4.400000 6.350000 9.424778 7.000000
2S1R 0.000000 0.000000 2.850000 3.141593 7.000000 3.141593
2L10S 1.000000 4.550000 3.150000 6.750000 9.424778 7.000000
2S0R 1.700000 2.500000 3.900000 4.712389 7.000000 4.712389
2L5L 4.650000 2.650000 6.800000 4.800000 9.424778 9.424778
2L11S 0.000000 4.850000 2.050000 6.950000 9.424778 7.000000
2S5R 5.250000 0.000000 7.000000 1.570796 7.000000 1.570796
2L7R 6.750000 0.250000 9.424778 3.141593 9.424778 3.141593
2L7L 1.100000 0.250000 8.350000 7.600000 9.424778 7.853982
2S4R 4.150000 0.000000 7.000000 3.141593 7.000000 3.141593
2S3R 3.100000 0.000000 5.300000 2.200000 7.000000 4.712389
2L10L 3.700000 3.950000 5.800000 6.050000 9.424778 7.853982
2S3L 2.800000 0.000000 4.900000 2.100000 7.000000 6.283185
2S4S 4.000000 0.000000 6.050000 2.000000 7.000000 7.000000
2S5S 5.000000 0.000000 7.000000 2.000000 7.000000 7.000000
2S2L 0.000000 0.000000 3.650000 3.550000 7.000000 9.424778
2L6L 2.250000 0.700000 7.200000 5.600000 9.424778 6.283185
2S4L 3.850000 0.000000 5.950000 2.100000 7.000000 7.853982
2R1R 0.050000 0.150000 1.570796 3.141593 1.570796 3.141593
2S6L 2.100000 4.150000 4.200000 6.283185 7.000000 6.283185
2L11L 2.650000 4.650000 4.800000 6.800000 9.424778 9.424778
2S3S 3.000000 0.000000 5.050000 2.000000 7.000000 7.000000
2S11S 0.000000 5.000000 2.000000 7.000000 7.000000 7.000000
2S9S 1.950000 5.000000 4.050000 7.000000 7.000000 7.000000
2R2S 0.000000 0.000000 1.570796 1.750000 1.570796 7.000000
2S7L 1.050000 5.750000 3.150000 7.853982 7.000000 7.853982
2S10S 0.950000 5.000000 3.050000 7.000000 7.000000 7.000000
2S5L 4.850000 0.000000 6.950000 2.050000 7.000000 9.424778
2R2L 0.000000 0.000000 1.500000 1.650000 1.570796 9.424778
2R11S 0.000000 5.250000 1.570796 7.000000 1.570796 7.000000
2R8L 0.050000 7.800000 1.570796 9.424778 1.570796 9.424778
2S11L 3.350000 5.900000 7.000000 9.424778 7.000000 9.424778
2L8L 0.050000 0.050000 9.400000 9.400000 9.424778 9.424778
2S8L 0.050000 7.350000 2.150000 9.424778 7.000000 9.424778
