0L0S 0.000000 0.000000 3.800000 3.900000 10.995574 13.000000
0L0R 0.000000 0.000000 2.700000 2.700000 10.995574 9.424778
0L1L 0.650000 0.750000 10.200000 11.650000 10.995574 12.566371
0L6L 0.000000 7.050000 3.950000 10.995574 10.995574 10.995574
0L6S 7.200000 9.100000 10.995574 13.000000 10.995574 13.000000
0L7L 2.650000 7.550000 5.050000 10.000000 10.995574 12.566371
0L8L 3.900000 8.250000 6.100000 10.400000 10.995574 14.137167
0L9L 5.000000 9.050000 7.100000 11.150000 10.995574 15.707963
0L10L 6.050000 10.000000 8.100000 12.050000 10.995574 17.278760
0L12S 0.000000 7.700000 5.450000 13.000000 10.995574 13.000000
0L12R 8.300000 6.750000 10.995574 9.424778 10.995574 9.424778
0L11L 7.050000 11.050000 9.100000 13.150000 10.995574 18.849556
0L13S 3.750000 6.750000 6.750000 9.700000 10.995574 13.000000
0L14S 5.400000 6.050000 7.900000 8.550000 10.995574 13.000000
0L15S 6.700000 5.550000 9.000000 7.850000 10.995574 13.000000
0L16S 7.850000 5.250000 10.000000 7.350000 10.995574 13.000000
0L16L 3.100000 6.250000 7.850000 11.050000 10.995574 17.278760
0L17S 8.950000 5.050000 10.995574 7.100000 10.995574 13.000000
0L18S 5.550000 0.000000 10.995574 5.300000 10.995574 13.000000
0L18L 7.050000 0.000000 10.995574 3.950000 10.995574 10.995574
0L17L 1.550000 5.500000 9.450000 13.350000 10.995574 18.849556
0L19S 4.250000 3.300000 7.250000 6.250000 10.995574 13.000000
0L19L 5.950000 2.600000 8.350000 5.000000 10.995574 12.566371
0L20S 3.100000 4.450000 5.600000 6.950000 10.995574 13.000000
0L20L 4.900000 3.700000 7.100000 5.900000 10.995574 14.137167
0L21S 2.000000 5.150000 4.300000 7.450000 10.995574 13.000000
0L21L 3.900000 4.550000 6.000000 6.650000 10.995574 15.707963
0L22S 1.000000 5.650000 3.150000 7.750000 10.995574 13.000000
0L22L 2.900000 5.250000 4.950000 7.300000 10.995574 17.278760
0L23S 0.000000 5.900000 2.050000 7.950000 10.995574 13.000000
0S0L 0.000000 0.000000 3.900000 3.800000 13.000000 10.995574
0S0R 0.000000 0.000000 3.650000 3.550000 13.000000 9.424778
0L23L 1.900000 5.700000 3.950000 7.800000 10.995574 18.849556
0S1L 0.000000 0.000000 5.700000 5.800000 13.000000 12.566371
0S2L 3.850000 4.250000 7.150000 7.600000 13.000000 14.137167
0S3L 5.650000 6.400000 8.500000 9.300000 13.000000 15.707963
0S6S 6.000000 5.000000 8.050000 7.050000 13.000000 13.000000
0S4L 7.100000 8.300000 9.750000 10.950000 13.000000 17.278760
0S6L 0.000000 5.550000 5.300000 10.995574 13.000000 10.995574
0S5L 8.450000 10.050000 11.000000 12.600000 13.000000 18.849556
0S7S 7.000000 5.000000 9.050000 7.050000 13.000000 13.000000
0S6R 9.350000 5.900000 13.000000 9.424778 13.000000 9.424778
0S7L 3.600000 5.400000 6.750000 8.550000 13.000000 12.566371
0S8S 8.000000 5.000000 10.000000 7.050000 13.000000 13.000000
0S9S 9.000000 5.000000 11.000000 7.050000 13.000000 13.000000
0S8L 5.250000 5.300000 8.000000 8.050000 13.000000 14.137167
0S10S 9.950000 5.000000 12.000000 7.050000 13.000000 13.000000
0S9L 6.700000 5.200000 9.250000 7.800000 13.000000 15.707963
0S11S 10.950000 5.000000 13.000000 7.050000 13.000000 13.000000
0S10L 8.000000 5.150000 10.400000 7.600000 13.000000 17.278760
0S12L 7.700000 0.000000 13.000000 5.450000 13.000000 10.995574
0S11L 9.200000 5.150000 11.550000 7.500000 13.000000 18.849556
0S13L 6.250000 4.000000 9.400000 7.200000 13.000000 12.566371
0S14L 5.000000 6.100000 7.750000 8.850000 13.000000 14.137167
0S15L 3.750000 7.950000 6.300000 10.500000 13.000000 15.707963
0S16L 2.600000 9.650000 5.000000 12.100000 13.000000 17.278760
0S18S 5.000000 6.000000 7.050000 8.050000 13.000000 13.000000
0S18L 9.100000 7.200000 13.000000 10.995574 13.000000 10.995574
0S19S 4.000000 6.000000 6.050000 8.050000 13.000000 13.000000
0S17L 1.450000 11.350000 3.800000 13.700000 13.000000 18.849556
0S19L 7.300000 6.750000 13.000000 12.550000 13.000000 12.566371
0S20S 3.000000 6.000000 5.050000 8.050000 13.000000 13.000000
0S21S 1.950000 6.000000 4.050000 8.050000 13.000000 13.000000
0S20L 5.850000 6.550000 9.150000 9.900000 13.000000 14.137167
0S22S 0.950000 6.000000 3.050000 8.050000 13.000000 13.000000
0S23S 0.000000 6.000000 2.000000 8.050000 13.000000 13.000000
0S21L 4.500000 6.400000 7.350000 9.300000 13.000000 15.707963
0S22L 3.250000 6.300000 5.900000 9.000000 13.000000 17.278760
0R0L 0.000000 0.000000 2.700000 2.700000 9.424778 10.995574
0S23L 2.000000 6.250000 4.550000 8.800000 13.000000 18.849556
0R1S 0.000000 0.000000 5.050000 4.900000 9.424778 13.000000
0R1R 0.250000 0.200000 9.050000 7.550000 9.424778 7.853982
0R1L 0.000000 0.000000 3.950000 3.900000 9.424778 12.566371
0R2S 3.500000 3.000000 6.300000 5.750000 9.424778 13.000000
0R2L 2.650000 2.500000 5.000000 4.850000 9.424778 14.137167
0R3S 5.000000 4.000000 7.400000 6.350000 9.424778 13.000000
0R0S 0.000000 0.000000 3.550000 3.650000 9.424778 13.000000
0R4S 6.250000 4.550000 8.450000 6.750000 9.424778 13.000000
0R4L 4.950000 4.200000 7.050000 6.300000 9.424778 17.278760
0R5S 7.350000 4.850000 9.424778 6.950000 9.424778 13.000000
0R5L 6.000000 4.700000 8.050000 6.750000 9.424778 18.849556
0R3L 3.900000 3.500000 6.050000 5.650000 9.424778 15.707963
0R12L 6.750000 8.300000 9.424778 10.995574 9.424778 10.995574
0R13L 5.500000 8.650000 9.424778 12.566371 9.424778 12.566371
0R14L 4.400000 9.250000 6.800000 11.650000 9.424778 14.137167
0R15L 3.400000 10.050000 5.550000 12.200000 9.424778 15.707963
0R16L 2.400000 11.000000 4.450000 13.050000 9.424778 17.278760
0R18S 5.900000 9.350000 9.424778 13.000000 9.424778 13.000000
0R17L 1.350000 12.100000 3.450000 14.150000 9.424778 18.849556
0R19S 4.350000 8.100000 9.400000 13.000000 9.424778 13.000000
0R20S 3.100000 7.250000 5.950000 10.000000 9.424778 13.000000
0R21S 2.000000 6.650000 4.400000 9.000000 9.424778 13.000000
0R22S 1.000000 6.250000 3.150000 8.450000 9.424778 13.000000
0R23S 0.000000 6.050000 2.050000 8.150000 9.424778 13.000000
1L0L 0.750000 0.650000 11.650000 10.200000 12.566371 10.995574
1L0S 0.000000 0.000000 5.800000 5.700000 12.566371 13.000000
0R23L 2.400000 7.100000 7.000000 11.750000 9.424778 18.849556
1L0R 0.000000 0.000000 3.900000 3.950000 12.566371 9.424778
1L1S 0.000000 0.000000 4.050000 4.150000 12.566371 13.000000
1L1R 0.000000 0.000000 2.650000 2.600000 12.566371 7.853982
1L2L 0.750000 0.850000 12.450000 14.000000 12.566371 14.137167
1L6S 6.750000 7.300000 12.550000 13.000000 12.566371 13.000000
1L6L 2.600000 5.950000 5.000000 8.350000 12.566371 10.995574
1L7S 8.500000 8.850000 12.566371 13.000000 12.566371 13.000000
1L7L 3.850000 6.550000 6.050000 8.700000 12.566371 12.566371
1L8L 4.950000 7.250000 7.050000 9.300000 12.566371 14.137167
1L9L 6.000000 8.050000 8.050000 10.100000 12.566371 15.707963
1L10L 7.000000 9.000000 9.050000 11.050000 12.566371 17.278760
1L12S 4.000000 6.250000 7.200000 9.400000 12.566371 13.000000
1L11L 8.000000 10.050000 10.100000 12.150000 12.566371 18.849556
1L12R 8.650000 5.500000 12.566371 9.424778 12.566371 9.424778
1L13S 5.750000 5.500000 8.400000 8.150000 12.566371 13.000000
1L13R 9.950000 5.250000 12.566371 7.853982 12.566371 7.853982
1L14S 7.150000 4.900000 9.500000 7.300000 12.566371 13.000000
1L15S 8.350000 4.500000 10.550000 6.700000 12.566371 13.000000
1L16S 9.450000 4.200000 11.600000 6.300000 12.566371 13.000000
1L15L 3.850000 5.400000 8.700000 10.300000 12.566371 15.707963
1L17S 10.500000 4.050000 12.566371 6.100000 12.566371 13.000000
1L16L 2.250000 4.600000 10.300000 12.650000 12.566371 17.278760
1L18L 7.550000 2.650000 10.000000 5.050000 12.566371 10.995574
1L18S 5.400000 3.600000 8.550000 6.750000 12.566371 13.000000
1L17L 1.000000 4.250000 11.550000 14.600000 12.566371 18.849556
1L19S 4.150000 4.850000 6.800000 7.500000 12.566371 13.000000
1L19L 6.550000 3.850000 8.700000 6.050000 12.566371 12.566371
1L20S 3.050000 5.700000 5.450000 8.100000 12.566371 13.000000
1L20L 5.550000 4.800000 7.600000 6.900000 12.566371 14.137167
1L21S 2.000000 6.300000 4.200000 8.500000 12.566371 13.000000
1L22S 1.000000 6.700000 3.100000 8.800000 12.566371 13.000000
1L21L 4.500000 5.600000 6.600000 7.650000 12.566371 15.707963
1L22L 3.500000 6.250000 5.550000 8.300000 12.566371 17.278760
1L23S 0.000000 6.900000 2.050000 8.950000 12.566371 13.000000
1S0R 0.000000 0.000000 4.900000 5.050000 13.000000 9.424778
1S1R 0.000000 0.000000 3.350000 3.250000 13.000000 7.853982
1S1L 0.000000 0.000000 4.150000 4.050000 13.000000 12.566371
1L23L 2.500000 6.700000 4.550000 8.800000 12.566371 18.849556
1S2L 0.000000 0.000000 6.000000 6.150000 13.000000 14.137167
1S4L 6.000000 6.700000 8.950000 9.700000 13.000000 17.278760
1S6L 3.300000 4.250000 6.250000 7.250000 13.000000 10.995574
1S6S 6.000000 4.000000 8.050000 6.050000 13.000000 13.000000
1S5L 7.550000 8.650000 10.250000 11.400000 13.000000 18.849556
1S6R 8.100000 4.350000 13.000000 9.400000 13.000000 9.424778
1S7S 7.000000 4.000000 9.050000 6.050000 13.000000 13.000000
1S7L 4.850000 4.150000 7.500000 6.800000 13.000000 12.566371
1S7R 9.650000 4.600000 13.000000 7.853982 13.000000 7.853982
1S8S 8.000000 4.000000 10.000000 6.050000 13.000000 13.000000
1S8L 6.200000 4.100000 8.700000 6.600000 13.000000 14.137167
1S9S 9.000000 4.000000 11.000000 6.050000 13.000000 13.000000
1S10S 9.950000 4.000000 12.000000 6.050000 13.000000 13.000000
1S9L 7.450000 4.100000 9.800000 6.450000 13.000000 15.707963
1S11S 10.950000 4.000000 13.000000 6.050000 13.000000 13.000000
1S10L 8.650000 4.050000 10.950000 6.350000 13.000000 17.278760
1S11L 9.750000 4.050000 12.000000 6.300000 13.000000 18.849556
1S12L 6.750000 3.750000 9.700000 6.750000 13.000000 10.995574
1S13L 5.500000 5.750000 8.150000 8.400000 13.000000 12.566371
1S14L 4.300000 7.550000 6.800000 10.000000 13.000000 14.137167
1S15L 3.200000 9.250000 5.550000 11.600000 13.000000 15.707963
1S16L 2.050000 10.900000 4.350000 13.200000 13.000000 17.278760
1S18S 5.000000 7.000000 7.050000 9.050000 13.000000 13.000000
1S3L 4.100000 4.500000 7.550000 8.000000 13.000000 15.707963
1S17L 1.000000 12.550000 3.250000 14.800000 13.000000 18.849556
1S19S 4.000000 7.000000 6.050000 9.050000 13.000000 13.000000
1S20S 3.000000 7.000000 5.050000 9.050000 13.000000 13.000000
1S20L 7.000000 8.000000 12.950000 14.100000 13.000000 14.137167
1S21S 1.950000 7.000000 4.050000 9.050000 13.000000 13.000000
1S21L 5.450000 7.750000 8.900000 11.200000 13.000000 15.707963
1S19L 8.850000 8.500000 13.000000 12.566371 13.000000 12.566371
1S22S 0.950000 7.000000 3.050000 9.050000 13.000000 13.000000
1S23S 0.000000 7.000000 2.000000 9.050000 13.000000 13.000000
1S22L 4.050000 7.550000 7.000000 10.550000 13.000000 17.278760
1S23L 2.750000 7.450000 5.450000 10.200000 13.000000 18.849556
1R0R 0.200000 0.250000 7.550000 9.050000 7.853982 9.424778
1R1S 0.000000 0.000000 3.250000 3.350000 7.853982 13.000000
1R1L 0.000000 0.000000 2.600000 2.650000 7.853982 12.566371
1R2S 0.000000 0.000000 4.650000 4.500000 7.853982 13.000000
1R2R 0.450000 0.350000 7.800000 6.250000 7.853982 6.283185
1R2L 0.000000 0.000000 3.850000 3.750000 7.853982 14.137167
1R3S 3.200000 2.600000 5.800000 5.200000 7.853982 13.000000
1R3L 2.550000 2.300000 4.900000 4.600000 7.853982 15.707963
1R4S 4.600000 3.450000 6.850000 5.700000 7.853982 13.000000
1R5S 5.750000 3.850000 7.853982 5.950000 7.853982 13.000000
1R4L 3.800000 3.150000 5.900000 5.300000 7.853982 17.278760
1R5L 4.850000 3.700000 6.900000 5.750000 7.853982 18.849556
1R13L 5.250000 9.950000 7.853982 12.566371 7.853982 12.566371
1R14L 4.000000 10.350000 7.850000 14.137167 7.853982 14.137167
1R15L 2.950000 11.100000 5.300000 13.400000 7.853982 15.707963
1R16L 1.950000 12.000000 4.050000 14.100000 7.853982 17.278760
1R17L 0.950000 13.100000 3.000000 15.150000 7.853982 18.849556
1R19S 4.600000 9.650000 7.853982 13.000000 7.853982 13.000000
1R20S 3.200000 8.500000 7.850000 13.000000 7.853982 13.000000
1R21S 2.050000 7.800000 4.650000 10.400000 7.853982 13.000000
1R22S 1.000000 7.300000 3.250000 9.550000 7.853982 13.000000
1R23S 0.000000 7.050000 2.100000 9.150000 7.853982 13.000000
2L0S 4.250000 3.850000 7.600000 7.150000 14.137167 13.000000
2L0R 2.500000 2.650000 4.850000 5.000000 14.137167 9.424778
2L1R 0.000000 0.000000 3.750000 3.850000 14.137167 7.853982
2L1S 0.000000 0.000000 6.150000 6.000000 14.137167 13.000000
2L2S 0.000000 0.000000 4.300000 4.400000 14.137167 13.000000
2L1L 0.850000 0.750000 14.000000 12.450000 14.137167 12.566371
2L2R 0.000000 0.000000 2.550000 2.500000 14.137167 6.283185
2L3L 0.400000 0.450000 13.100000 14.550000 14.137167 15.707963
2L6L 3.700000 4.900000 5.900000 7.100000 14.137167 10.995574
2L6S 6.550000 5.850000 9.900000 9.150000 14.137167 13.000000
2L7S 8.000000 7.000000 14.100000 12.950000 14.137167 13.000000
2L7L 4.800000 5.550000 6.900000 7.600000 14.137167 12.566371
2L8S 9.850000 8.600000 14.137167 13.000000 14.137167 13.000000
2L8L 5.850000 6.250000 7.900000 8.300000 14.137167 14.137167
2L9L 6.850000 7.050000 8.900000 9.100000 14.137167 15.707963
2L10L 7.850000 7.950000 9.950000 10.050000 14.137167 17.278760
2L12S 6.100000 5.000000 8.850000 7.750000 14.137167 13.000000
2L12R 9.250000 4.400000 11.650000 6.800000 14.137167 9.424778
2L11L 8.850000 9.000000 11.000000 11.100000 14.137167 18.849556
2L13S 7.550000 4.300000 10.000000 6.800000 14.137167 13.000000
2L13R 10.350000 4.000000 14.137167 7.850000 14.137167 7.853982
2L14R 11.600000 3.800000 14.137167 6.283185 14.137167 6.283185
2L14S 8.800000 3.800000 11.100000 6.100000 14.137167 13.000000
2L14L 4.600000 4.600000 9.500000 9.500000 14.137167 14.137167
2L15S 9.950000 3.450000 12.150000 5.600000 14.137167 13.000000
2L15L 3.000000 3.800000 11.150000 11.950000 14.137167 15.707963
2L16S 11.050000 3.200000 13.150000 5.300000 14.137167 13.000000
2L17S 12.100000 3.050000 14.137167 5.100000 14.137167 13.000000
2L16L 1.750000 3.350000 12.400000 13.950000 14.137167 17.278760
2L18L 8.250000 3.900000 10.400000 6.100000 14.137167 10.995574
2L18S 5.300000 5.250000 8.050000 8.000000 14.137167 13.000000
2L19S 4.100000 6.200000 6.600000 8.700000 14.137167 13.000000
2L19L 7.250000 4.950000 9.300000 7.050000 14.137167 12.566371
2L20S 3.050000 6.900000 5.350000 9.200000 14.137167 13.000000
2L20L 6.250000 5.850000 8.300000 7.900000 14.137167 14.137167
2L21S 2.000000 7.400000 4.150000 9.550000 14.137167 13.000000
2L21L 5.250000 6.600000 7.300000 8.650000 14.137167 15.707963
2L22S 1.000000 7.700000 3.100000 9.800000 14.137167 13.000000
2L22L 4.200000 7.250000 6.300000 9.300000 14.137167 17.278760
2L23S 0.000000 7.900000 2.050000 9.950000 14.137167 13.000000
2S0R 3.000000 3.500000 5.750000 6.300000 13.000000 9.424778
2L23L 3.150000 7.750000 5.300000 9.850000 14.137167 18.849556
2S1R 0.000000 0.000000 4.500000 4.650000 13.000000 7.853982
2S2L 0.000000 0.000000 4.400000 4.300000 13.000000 14.137167
2S2R 0.000000 0.000000 3.000000 2.900000 13.000000 6.283185
2S3L 0.000000 0.000000 6.350000 6.450000 13.000000 15.707963
2S4L 4.350000 4.700000 7.950000 8.350000 13.000000 17.278760
2S6S 6.000000 3.000000 8.050000 5.050000 13.000000 13.000000
2S6L 4.450000 3.100000 6.950000 5.600000 13.000000 10.995574
2S5L 6.300000 7.000000 9.400000 10.100000 13.000000 18.849556
2S7S 7.000000 3.000000 9.050000 5.050000 13.000000 13.000000
2S6R 7.250000 3.100000 10.000000 5.950000 13.000000 9.424778
2L17L 0.600000 3.100000 13.500000 15.750000 14.137167 18.849556
2S7L 5.700000 3.050000 8.100000 5.450000 13.000000 12.566371
2S7R 8.500000 3.200000 13.000000 7.850000 13.000000 7.853982
2S8S 8.000000 3.000000 10.000000 5.050000 13.000000 13.000000
2S8R 10.000000 3.350000 13.000000 6.283185 13.000000 6.283185
2S9S 9.000000 3.000000 11.000000 5.050000 13.000000 13.000000
2S8L 6.900000 3.050000 9.200000 5.350000 13.000000 14.137167
2S10S 9.950000 3.000000 12.000000 5.050000 13.000000 13.000000
2S9L 8.050000 3.000000 10.250000 5.250000 13.000000 15.707963
2S11S 10.950000 3.000000 13.000000 5.050000 13.000000 13.000000
2S10L 9.150000 3.000000 11.350000 5.200000 13.000000 17.278760
2S12L 6.050000 5.400000 8.550000 7.900000 13.000000 10.995574
2S11L 10.200000 3.000000 12.400000 5.200000 13.000000 18.849556
2S13L 4.900000 7.150000 7.300000 9.500000 13.000000 12.566371
2S14L 3.800000 8.800000 6.100000 11.100000 13.000000 14.137167
2S15L 2.750000 10.450000 4.950000 12.700000 13.000000 15.707963
2S16L 1.650000 12.050000 3.850000 14.250000 13.000000 17.278760
2S18S 5.000000 8.000000 7.050000 10.000000 13.000000 13.000000
2S19S 4.000000 8.000000 6.050000 10.000000 13.000000 13.000000
2S17L 0.600000 13.650000 2.800000 15.850000 13.000000 18.849556
2S20S 3.000000 8.000000 5.050000 10.000000 13.000000 13.000000
2S21S 1.950000 8.000000 4.050000 10.000000 13.000000 13.000000
2S20L 8.600000 9.850000 13.000000 14.137167 13.000000 14.137167
2S22S 0.950000 8.000000 3.050000 10.000000 13.000000 13.000000
2S21L 6.650000 9.250000 13.000000 15.700000 13.000000 15.707963
2S23S 0.000000 8.000000 2.000000 10.000000 13.000000 13.000000
2S22L 5.050000 8.950000 8.650000 12.600000 13.000000 17.278760
2S23L 3.600000 8.750000 6.700000 11.850000 13.000000 18.849556
2R1R 0.350000 0.450000 6.250000 7.800000 6.283185 7.853982
2R2S 0.000000 0.000000 2.900000 3.000000 6.283185 13.000000
2R2L 0.000000 0.000000 2.500000 2.550000 6.283185 14.137167
2R3R 0.350000 0.250000 5.850000 4.400000 6.283185 4.712389
2R3S 0.000000 0.000000 4.200000 4.000000 6.283185 13.000000
2R3L 0.000000 0.000000 3.650000 3.550000 6.283185 15.707963
2R4S 2.850000 2.200000 5.300000 4.600000 6.283185 13.000000
2R5S 4.150000 2.800000 6.283185 4.900000 6.283185 13.000000
2R4L 2.450000 2.050000 4.700000 4.250000 6.283185 17.278760
2R5L 3.600000 2.700000 5.700000 4.750000 6.283185 18.849556
2R14L 3.800000 11.600000 6.283185 14.137167 6.283185 14.137167
2R15L 2.650000 12.150000 6.250000 15.700000 6.283185 15.707963
2R16L 1.600000 13.000000 3.850000 15.250000 6.283185 17.278760
2R17L 0.600000 14.100000 2.700000 16.150000 6.283185 18.849556
2R20S 3.350000 10.000000 6.283185 13.000000 6.283185 13.000000
2R21S 2.050000 9.000000 6.250000 13.000000 6.283185 13.000000
2R22S 1.000000 8.400000 3.400000 10.800000 6.283185 13.000000
2R23S 0.000000 8.100000 2.100000 10.200000 6.283185 13.000000
3L0S 6.400000 5.650000 9.300000 8.500000 15.707963 13.000000
3L0R 3.500000 3.900000 5.650000 6.050000 15.707963 9.424778
3L1S 4.500000 4.100000 8.000000 7.550000 15.707963 13.000000
3L1R 2.300000 2.550000 4.600000 4.900000 15.707963 7.853982
3L2R 0.000000 0.000000 3.550000 3.650000 15.707963 6.283185
3L2L 0.450000 0.400000 14.550000 13.100000 15.707963 14.137167
3L2S 0.000000 0.000000 6.450000 6.350000 15.707963 13.000000
3L3S 0.000000 0.000000 4.550000 4.600000 15.707963 13.000000
3L3R 0.000000 0.000000 2.350000 2.300000 15.707963 4.712389
3L4L 0.450000 0.500000 14.550000 16.000000 15.707963 17.278760
3L6S 6.400000 4.500000 9.300000 7.350000 15.707963 13.000000
3L6L 4.550000 3.900000 6.650000 6.000000 15.707963 10.995574
3L7S 7.750000 5.450000 11.200000 8.900000 15.707963 13.000000
3L7L 5.600000 4.500000 7.650000 6.600000 15.707963 12.566371
3L8L 6.600000 5.250000 8.650000 7.300000 15.707963 14.137167
3L9S 11.150000 8.400000 15.707963 13.000000 15.707963 13.000000
3L9L 7.600000 6.050000 9.700000 8.100000 15.707963 15.707963
3L10L 8.600000 6.950000 10.700000 9.050000 15.707963 17.278760
3L8S 9.250000 6.650000 15.700000 13.000000 15.707963 13.000000
3L12S 7.950000 3.750000 10.500000 6.300000 15.707963 13.000000
3L11L 9.650000 7.950000 11.800000 10.100000 15.707963 18.849556
3L13S 9.250000 3.200000 11.600000 5.550000 15.707963 13.000000
3L13R 11.100000 2.950000 13.400000 5.300000 15.707963 7.853982
3L13L 5.400000 3.850000 10.300000 8.700000 15.707963 12.566371
3L14S 10.450000 2.750000 12.700000 4.950000 15.707963 13.000000
3L14R 12.150000 2.650000 15.700000 6.250000 15.707963 6.283185
3L14L 3.800000 3.000000 11.950000 11.150000 15.707963 14.137167
3L15S 11.550000 2.400000 13.700000 4.550000 15.707963 13.000000
3L15R 13.350000 2.450000 15.707963 4.712389 15.707963 4.712389
3L15L 2.500000 2.500000 13.200000 13.200000 15.707963 15.707963
3L16S 12.650000 2.150000 14.750000 4.250000 15.707963 13.000000
3L12R 10.050000 3.400000 12.200000 5.550000 15.707963 9.424778
3L17S 13.650000 2.000000 15.707963 4.100000 15.707963 13.000000
3L16L 1.400000 2.200000 14.300000 15.050000 15.707963 17.278760
3L18S 5.200000 6.700000 7.800000 9.250000 15.707963 13.000000
3L17L 0.350000 2.050000 15.400000 16.800000 15.707963 18.849556
3L18L 9.050000 5.000000 11.150000 7.100000 15.707963 10.995574
3L19S 4.100000 7.450000 6.450000 9.800000 15.707963 13.000000
3L19L 8.050000 6.000000 10.100000 8.050000 15.707963 12.566371
3L20S 3.000000 8.050000 5.250000 10.250000 15.707963 13.000000
3L20L 7.050000 6.850000 9.100000 8.900000 15.707963 14.137167
3L21S 2.000000 8.450000 4.150000 10.600000 15.707963 13.000000
3L21L 6.050000 7.600000 8.100000 9.700000 15.707963 15.707963
3L22S 1.000000 8.750000 3.050000 10.850000 15.707963 13.000000
3L22L 5.000000 8.250000 7.100000 10.350000 15.707963 17.278760
3L23S 0.000000 8.900000 2.050000 11.000000 15.707963 13.000000
3S1R 2.600000 3.200000 5.200000 5.800000 13.000000 7.853982
3S0R 4.000000 5.000000 6.350000 7.400000 13.000000 9.424778
3S2R 0.000000 0.000000 4.000000 4.200000 13.000000 6.283185
3L23L 3.900000 8.750000 6.100000 10.900000 15.707963 18.849556
3S3R 0.000000 0.000000 2.650000 2.550000 13.000000 4.712389
3S3L 0.000000 0.000000 4.600000 4.550000 13.000000 15.707963
3S4L 0.000000 0.000000 6.650000 6.750000 13.000000 17.278760
3S6S 6.000000 2.000000 8.050000 4.050000 13.000000 13.000000
3S6L 5.150000 2.000000 7.450000 4.300000 13.000000 10.995574
3S5L 4.550000 4.900000 8.350000 8.700000 13.000000 18.849556
3S6R 6.650000 2.000000 9.000000 4.400000 13.000000 9.424778
3S7S 7.000000 2.000000 9.050000 4.050000 13.000000 13.000000
3S7L 6.300000 2.000000 8.500000 4.200000 13.000000 12.566371
3S7R 7.800000 2.050000 10.400000 4.650000 13.000000 7.853982
3S8S 8.000000 2.000000 10.000000 4.050000 13.000000 13.000000
3S8R 9.000000 2.050000 13.000000 6.250000 13.000000 6.283185
3S9S 9.000000 2.000000 11.000000 4.050000 13.000000 13.000000
3S8L 7.400000 2.000000 9.550000 4.150000 13.000000 14.137167
3S9R 10.350000 2.150000 13.000000 4.712389 13.000000 4.712389
3S10S 9.950000 2.000000 12.000000 4.050000 13.000000 13.000000
3S9L 8.450000 2.000000 10.600000 4.150000 13.000000 15.707963
3S11S 10.950000 2.000000 13.000000 4.050000 13.000000 13.000000
3S10L 9.500000 2.000000 11.650000 4.100000 13.000000 17.278760
3S12L 5.550000 6.700000 7.850000 9.000000 13.000000 10.995574
3S11L 10.550000 2.000000 12.650000 4.100000 13.000000 18.849556
3S13L 4.500000 8.350000 6.700000 10.550000 13.000000 12.566371
3S14L 3.450000 9.950000 5.600000 12.150000 13.000000 14.137167
3S15L 2.400000 11.550000 4.550000 13.700000 13.000000 15.707963
3S16L 1.350000 13.150000 3.500000 15.300000 13.000000 17.278760
3S18S 5.000000 9.000000 7.050000 11.000000 13.000000 13.000000
3S17L 0.350000 14.750000 2.450000 16.850000 13.000000 18.849556
3S19S 4.000000 9.000000 6.050000 11.000000 13.000000 13.000000
3S20S 3.000000 9.000000 5.050000 11.000000 13.000000 13.000000
3S21S 1.950000 9.000000 4.050000 11.000000 13.000000 13.000000
3S22S 0.950000 9.000000 3.050000 11.000000 13.000000 13.000000
3S21L 8.400000 11.150000 13.000000 15.707963 13.000000 15.707963
3S23S 0.000000 9.000000 2.000000 11.000000 13.000000 13.000000
3S22L 6.350000 10.500000 12.950000 17.250000 13.000000 17.278760
3S23L 4.650000 10.150000 8.450000 13.950000 13.000000 18.849556
3R2R 0.250000 0.350000 4.400000 5.850000 4.712389 6.283185
3R3S 0.000000 0.000000 2.550000 2.650000 4.712389 13.000000
3R4S 0.000000 0.000000 3.700000 3.500000 4.712389 13.000000
3R4R 0.100000 0.050000 4.700000 3.141593 4.712389 3.141593
3R3L 0.000000 0.000000 2.300000 2.350000 4.712389 15.707963
3R4L 0.000000 0.000000 3.400000 3.200000 4.712389 17.278760
3R5S 2.500000 1.700000 4.712389 3.900000 4.712389 13.000000
3R5L 2.250000 1.650000 4.400000 3.750000 4.712389 18.849556
3R15L 2.450000 13.350000 4.712389 15.707963 4.712389 15.707963
3R16L 1.350000 14.050000 4.700000 17.278760 4.712389 17.278760
3R17L 0.300000 15.100000 2.500000 17.200000 4.712389 18.849556
3R21S 2.150000 10.350000 4.712389 13.000000 4.712389 13.000000
3R22S 1.000000 9.500000 4.700000 13.000000 4.712389 13.000000
3R23S 0.000000 9.100000 2.200000 11.300000 4.712389 13.000000
4L0S 8.300000 7.100000 10.950000 9.750000 17.278760 13.000000
4L0R 4.200000 4.950000 6.300000 7.050000 17.278760 9.424778
4L1S 6.700000 6.000000 9.700000 8.950000 17.278760 13.000000
4L1R 3.150000 3.800000 5.300000 5.900000 17.278760 7.853982
4L2S 4.700000 4.350000 8.350000 7.950000 17.278760 13.000000
4L3R 0.000000 0.000000 3.200000 3.400000 17.278760 4.712389
4L3S 0.000000 0.000000 6.750000 6.650000 17.278760 13.000000
4L3L 0.500000 0.450000 16.000000 14.550000 17.278760 15.707963
4L4R 0.000000 0.000000 2.100000 2.000000 17.278760 3.141593
4L4S 0.000000 0.000000 4.750000 4.800000 17.278760 13.000000
4L2R 2.050000 2.450000 4.250000 4.700000 17.278760 6.283185
4L6S 6.300000 3.250000 9.000000 5.900000 17.278760 13.000000
4L6L 5.250000 2.900000 7.300000 4.950000 17.278760 10.995574
4L5L 1.050000 1.150000 16.550000 18.050000 17.278760 18.849556
4L7S 7.550000 4.050000 10.550000 7.000000 17.278760 13.000000
4L7L 6.250000 3.500000 8.300000 5.550000 17.278760 12.566371
4L8S 8.950000 5.050000 12.600000 8.650000 17.278760 13.000000
4L8L 7.250000 4.200000 9.300000 6.300000 17.278760 14.137167
4L9S 10.500000 6.350000 17.250000 12.950000 17.278760 13.000000
4L9L 8.250000 5.000000 10.350000 7.100000 17.278760 15.707963
4L10S 12.550000 8.200000 17.278760 13.000000 17.278760 13.000000
4L10L 9.250000 5.850000 11.400000 8.000000 17.278760 17.278760
4L12L 6.250000 3.100000 11.050000 7.850000 17.278760 10.995574
4L12S 9.650000 2.600000 12.100000 5.000000 17.278760 13.000000
4L11L 10.300000 6.850000 12.500000 9.050000 17.278760 18.849556
4L12R 11.000000 2.400000 13.050000 4.450000 17.278760 9.424778
4L13S 10.900000 2.050000 13.200000 4.350000 17.278760 13.000000
4L13R 12.000000 1.950000 14.100000 4.050000 17.278760 7.853982
4L13L 4.600000 2.250000 12.650000 10.300000 17.278760 12.566371
4L14S 12.050000 1.650000 14.250000 3.850000 17.278760 13.000000
4L14R 13.000000 1.600000 15.250000 3.850000 17.278760 6.283185
4L14L 3.350000 1.750000 13.950000 12.400000 17.278760 14.137167
4L15R 14.050000 1.350000 17.278760 4.700000 17.278760 4.712389
4L15S 13.150000 1.350000 15.300000 3.500000 17.278760 13.000000
4L15L 2.200000 1.400000 15.050000 14.300000 17.278760 15.707963
4L16R 15.200000 1.150000 17.278760 3.141593 17.278760 3.141593
4L16S 14.200000 1.150000 16.300000 3.250000 17.278760 13.000000
4L17S 15.250000 1.000000 17.278760 3.050000 17.278760 13.000000
4L16L 1.150000 1.150000 16.100000 16.100000 17.278760 17.278760
4L18L 10.000000 6.050000 12.050000 8.100000 17.278760 10.995574
4L18S 5.150000 8.000000 7.600000 10.400000 17.278760 13.000000
4L17L 0.150000 1.000000 17.150000 17.850000 17.278760 18.849556
4L19S 4.050000 8.650000 6.350000 10.950000 17.278760 13.000000
4L19L 9.000000 7.000000 11.050000 9.050000 17.278760 12.566371
4L20S 3.000000 9.150000 5.200000 11.350000 17.278760 13.000000
4L20L 7.950000 7.850000 10.050000 9.950000 17.278760 14.137167
4L21S 2.000000 9.500000 4.100000 11.650000 17.278760 13.000000
4L22S 1.000000 9.750000 3.050000 11.850000 17.278760 13.000000
4L21L 6.950000 8.600000 9.050000 10.700000 17.278760 15.707963
4L23S 0.000000 9.900000 2.050000 12.000000 17.278760 13.000000
4L22L 5.850000 9.250000 8.000000 11.400000 17.278760 17.278760
4S0R 4.550000 6.250000 6.750000 8.450000 13.000000 9.424778
4S1R 3.450000 4.600000 5.700000 6.850000 13.000000 7.853982
4S2R 2.200000 2.850000 4.600000 5.300000 13.000000 6.283185
4L23L 4.800000 9.800000 7.000000 12.000000 17.278760 18.849556
4S3R 0.000000 0.000000 3.500000 3.700000 13.000000 4.712389
4S4R 0.000000 0.000000 2.250000 2.100000 13.000000 3.141593
4S6S 6.000000 1.000000 8.050000 3.050000 13.000000 13.000000
4S4L 0.000000 0.000000 4.800000 4.750000 13.000000 17.278760
4S6L 5.650000 1.000000 7.750000 3.150000 13.000000 10.995574
4S5L 0.000000 0.000000 6.950000 7.050000 13.000000 18.849556
4S7S 7.000000 1.000000 9.050000 3.050000 13.000000 13.000000
4S6R 6.250000 1.000000 8.450000 3.150000 13.000000 9.424778
4S7L 6.700000 1.000000 8.800000 3.100000 13.000000 12.566371
4S7R 7.300000 1.000000 9.550000 3.250000 13.000000 7.853982
4S8S 8.000000 1.000000 10.000000 3.050000 13.000000 13.000000
4S8R 8.400000 1.000000 10.800000 3.400000 13.000000 6.283185
4S9S 9.000000 1.000000 11.000000 3.050000 13.000000 13.000000
4S8L 7.700000 1.000000 9.800000 3.100000 13.000000 14.137167
4S9R 9.500000 1.000000 13.000000 4.700000 13.000000 4.712389
4S10R 10.750000 1.000000 13.000000 3.141593 13.000000 3.141593
4S10S 9.950000 1.000000 12.000000 3.050000 13.000000 13.000000
4S9L 8.750000 1.000000 10.850000 3.050000 13.000000 15.707963
4S11S 10.950000 1.000000 13.000000 3.050000 13.000000 13.000000
4S10L 9.750000 1.000000 11.850000 3.050000 13.000000 17.278760
4S12L 5.250000 7.850000 7.350000 10.000000 13.000000 10.995574
4S11L 10.800000 1.000000 12.850000 3.050000 13.000000 18.849556
4S13L 4.200000 9.450000 6.300000 11.600000 13.000000 12.566371
4S14L 3.200000 11.050000 5.300000 13.150000 13.000000 14.137167
4S15L 2.150000 12.650000 4.250000 14.750000 13.000000 15.707963
4S18S 5.000000 9.950000 7.050000 12.000000 13.000000 13.000000
4S16L 1.150000 14.200000 3.250000 16.300000 13.000000 17.278760
4S19S 4.000000 9.950000 6.050000 12.000000 13.000000 13.000000
4S17L 0.150000 15.800000 2.200000 17.850000 13.000000 18.849556
4S20S 3.000000 9.950000 5.050000 12.000000 13.000000 13.000000
4S21S 1.950000 9.950000 4.050000 12.000000 13.000000 13.000000
4S22S 0.950000 9.950000 3.050000 12.000000 13.000000 13.000000
4S23S 0.000000 9.950000 2.000000 12.000000 13.000000 13.000000
4S22L 8.200000 12.550000 13.000000 17.278760 13.000000 17.278760
4S23L 6.050000 11.800000 13.000000 18.849556 13.000000 18.849556
4R3R 0.050000 0.100000 3.141593 4.700000 3.141593 4.712389
4R4S 0.000000 0.000000 2.100000 2.250000 3.141593 13.000000
4R5R 0.050000 0.000000 3.141593 1.570796 3.141593 1.570796
4R4L 0.000000 0.000000 2.000000 2.100000 3.141593 17.278760
4R5S 0.000000 0.000000 3.141593 2.850000 3.141593 13.000000
4R5L 0.000000 0.000000 3.000000 2.750000 3.141593 18.849556
4R16L 1.150000 15.200000 3.141593 17.278760 3.141593 17.278760
4R17L 0.150000 16.100000 3.141593 18.849556 3.141593 18.849556
4R22S 1.000000 10.750000 3.141593 13.000000 3.141593 13.000000
4R23S 0.000000 10.150000 3.141593 13.000000 3.141593 13.000000
5L0S 10.050000 8.450000 12.600000 11.000000 18.849556 13.000000
5L0R 4.700000 6.000000 6.750000 8.050000 18.849556 9.424778
5L1S 8.650000 7.550000 11.400000 10.250000 18.849556 13.000000
5L1R 3.700000 4.850000 5.750000 6.900000 18.849556 7.853982
5L2R 2.700000 3.600000 4.750000 5.700000 18.849556 6.283185
5L2S 7.000000 6.300000 10.100000 9.400000 18.849556 13.000000
5L3R 1.650000 2.250000 3.750000 4.400000 18.849556 4.712389
5L3S 4.900000 4.550000 8.700000 8.350000 18.849556 13.000000
5L4R 0.000000 0.000000 2.750000 3.000000 18.849556 3.141593
5L4S 0.000000 0.000000 7.050000 6.950000 18.849556 13.000000
5L5R 0.000000 0.000000 1.700000 1.550000 18.849556 1.570796
5L4L 1.150000 1.050000 18.050000 16.550000 18.849556 17.278760
5L5S 0.000000 0.000000 4.950000 5.000000 18.849556 13.000000
5L6L 5.700000 1.900000 7.800000 3.950000 18.849556 10.995574
5L6S 6.250000 2.000000 8.800000 4.550000 18.849556 13.000000
5L6R 7.100000 2.400000 11.750000 7.000000 18.849556 9.424778
5L7L 6.700000 2.500000 8.800000 4.550000 18.849556 12.566371
5L7S 7.450000 2.750000 10.200000 5.450000 18.849556 13.000000
5L8S 8.750000 3.600000 11.850000 6.700000 18.849556 13.000000
5L8L 7.750000 3.150000 9.850000 5.300000 18.849556 14.137167
5L9S 10.150000 4.650000 13.950000 8.450000 18.849556 13.000000
5L9L 8.750000 3.900000 10.900000 6.100000 18.849556 15.707963
5L10S 11.800000 6.050000 18.849556 13.000000 18.849556 13.000000
5L11S 13.900000 8.000000 18.849556 13.000000 18.849556 13.000000
5L10L 9.800000 4.800000 12.000000 7.000000 18.849556 17.278760
5L12S 11.350000 1.450000 13.700000 3.800000 18.849556 13.000000
5L12L 5.500000 1.550000 13.350000 9.450000 18.849556 10.995574
5L11L 10.850000 5.750000 13.100000 8.000000 18.849556 18.849556
5L12R 12.100000 1.350000 14.150000 3.450000 18.849556 9.424778
5L13S 12.550000 1.000000 14.800000 3.250000 18.849556 13.000000
5L13R 13.100000 0.950000 15.150000 3.000000 18.849556 7.853982
5L13L 4.250000 1.000000 14.600000 11.550000 18.849556 12.566371
5L14R 14.100000 0.600000 16.150000 2.700000 18.849556 6.283185
5L14S 13.650000 0.600000 15.850000 2.800000 18.849556 13.000000
5L14L 3.100000 0.600000 15.750000 13.500000 18.849556 14.137167
5L15R 15.100000 0.300000 17.200000 2.500000 18.849556 4.712389
5L15S 14.750000 0.350000 16.850000 2.450000 18.849556 13.000000
5L16R 16.100000 0.150000 18.849556 3.141593 18.849556 3.141593
5L16S 15.800000 0.150000 17.850000 2.200000 18.849556 13.000000
5L15L 2.050000 0.350000 16.800000 15.400000 18.849556 15.707963
5L17R 17.150000 0.000000 18.849556 1.570796 18.849556 1.570796
5L16L 1.000000 0.150000 17.850000 17.150000 18.849556 17.278760
5L17S 16.800000 0.000000 18.849556 2.050000 18.849556 13.000000
5L18L 11.050000 7.050000 13.150000 9.100000 18.849556 10.995574
5L18S 5.150000 9.200000 7.500000 11.550000 18.849556 13.000000
5L17L 0.000000 0.000000 18.849556 18.849556 18.849556 18.849556
5L19S 4.050000 9.750000 6.300000 12.000000 18.849556 13.000000
5L19L 10.050000 8.000000 12.150000 10.100000 18.849556 12.566371
5L20S 3.000000 10.200000 5.200000 12.400000 18.849556 13.000000
5L20L 9.000000 8.850000 11.100000 11.000000 18.849556 14.137167
5L21S 2.000000 10.550000 4.100000 12.650000 18.849556 13.000000
5L21L 7.950000 9.650000 10.100000 11.800000 18.849556 15.707963
5L22S 1.000000 10.800000 3.050000 12.850000 18.849556 13.000000
5L23S 0.000000 10.950000 2.050000 13.000000 18.849556 13.000000
5L22L 6.850000 10.300000 9.050000 12.500000 18.849556 17.278760
5S0R 4.850000 7.350000 6.950000 9.424778 13.000000 9.424778
5S1R 3.850000 5.750000 5.950000 7.853982 13.000000 7.853982
5S2R 2.800000 4.150000 4.900000 6.283185 13.000000 6.283185
5S3R 1.700000 2.500000 3.900000 4.712389 13.000000 4.712389
5L23L 5.750000 10.850000 8.000000 13.100000 18.849556 18.849556
5S4R 0.000000 0.000000 2.850000 3.141593 13.000000 3.141593
5S5R 0.000000 0.000000 1.750000 1.570796 13.000000 1.570796
5S6S 6.000000 0.000000 8.050000 2.000000 13.000000 13.000000
5S6L 5.900000 0.000000 7.950000 2.050000 13.000000 10.995574
5S5L 0.000000 0.000000 5.000000 4.950000 13.000000 18.849556
5S6R 6.050000 0.000000 8.150000 2.050000 13.000000 9.424778
5S7S 7.000000 0.000000 9.050000 2.000000 13.000000 13.000000
5S8S 8.000000 0.000000 10.000000 2.000000 13.000000 13.000000
5S7R 7.050000 0.000000 9.150000 2.100000 13.000000 7.853982
5S7L 6.900000 0.000000 8.950000 2.050000 13.000000 12.566371
5S9S 9.000000 0.000000 11.000000 2.000000 13.000000 13.000000
5S8R 8.100000 0.000000 10.200000 2.100000 13.000000 6.283185
5S8L 7.900000 0.000000 9.950000 2.050000 13.000000 14.137167
5S9R 9.100000 0.000000 11.300000 2.200000 13.000000 4.712389
5S10S 9.950000 0.000000 12.000000 2.000000 13.000000 13.000000
5S10R 10.150000 0.000000 13.000000 3.141593 13.000000 3.141593
5S9L 8.900000 0.000000 11.000000 2.050000 13.000000 15.707963
5S11R 11.250000 0.000000 13.000000 1.570796 13.000000 1.570796
5S11S 10.950000 0.000000 13.000000 2.000000 13.000000 13.000000
5S10L 9.900000 0.000000 12.000000 2.050000 13.000000 17.278760
5S12L 5.050000 8.950000 7.100000 10.995574 13.000000 10.995574
5S11L 10.950000 0.000000 13.000000 2.050000 13.000000 18.849556
5S13L 4.050000 10.500000 6.100000 12.566371 13.000000 12.566371
5S15L 2.000000 13.650000 4.100000 15.707963 13.000000 15.707963
5S16L 1.000000 15.250000 3.050000 17.278760 13.000000 17.278760
5S18S 5.000000 10.950000 7.050000 13.000000 13.000000 13.000000
5S17L 0.000000 16.800000 2.050000 18.849556 13.000000 18.849556
5S19S 4.000000 10.950000 6.050000 13.000000 13.000000 13.000000
5S20S 3.000000 10.950000 5.050000 13.000000 13.000000 13.000000
5S21S 1.950000 10.950000 4.050000 13.000000 13.000000 13.000000
5S14L 3.050000 12.100000 5.100000 14.137167 13.000000 14.137167
5S22S 0.950000 10.950000 3.050000 13.000000 13.000000 13.000000
5S23L 8.000000 13.900000 13.000000 18.849556 13.000000 18.849556
5R4R 0.000000 0.050000 1.570796 3.141593 1.570796 3.141593
5R5S 0.000000 0.000000 1.570796 1.750000 1.570796 13.000000
5R5L 0.000000 0.000000 1.550000 1.700000 1.570796 18.849556
5R17L 0.000000 17.150000 1.570796 18.849556 1.570796 18.849556
5S23S 0.000000 10.950000 2.000000 13.000000 13.000000 13.000000
5R23S 0.000000 11.250000 1.570796 13.000000 1.570796 13.000000
