0L0S 0.000000 0.000000 2.100000 2.250000 3.141593 3.000000
0L1S 1.000000 0.750000 3.141593 3.000000 3.141593 3.000000
0L0R 0.000000 0.000000 1.450000 1.450000 3.141593 1.570796
0L1L 0.000000 0.650000 2.500000 3.141593 3.141593 3.141593
0L2S 0.000000 0.150000 3.141593 3.000000 3.141593 3.000000
0L2R 1.650000 0.150000 3.141593 1.570796 3.141593 1.570796
0L2L 0.150000 0.150000 3.000000 3.000000 3.141593 3.141593
0L3S 0.000000 0.000000 3.141593 2.850000 3.141593 3.000000
0L3L 0.650000 0.000000 3.141593 2.500000 3.141593 3.141593
0S0R 0.000000 0.000000 1.750000 1.570796 3.000000 1.570796
0S0L 0.000000 0.000000 2.250000 2.100000 3.000000 3.141593
0S1S 0.950000 0.000000 3.000000 2.000000 3.000000 3.000000
0S1R 1.250000 0.000000 3.000000 1.570796 3.000000 1.570796
0S1L 0.000000 0.000000 2.850000 3.141593 3.000000 3.141593
0S3S 0.000000 0.950000 2.000000 3.000000 3.000000 3.000000
0S2L 0.150000 0.000000 3.000000 3.141593 3.000000 3.141593
0S3L 0.750000 1.000000 3.000000 3.141593 3.000000 3.141593
0R0S 0.000000 0.000000 1.570796 1.750000 1.570796 3.000000
0R0L 0.000000 0.000000 1.450000 1.450000 1.570796 3.141593
0R2L 0.150000 1.650000 1.570796 3.141593 1.570796 3.141593
0R3S 0.000000 1.250000 1.570796 3.000000 1.570796 3.000000
