0L0S 0.000000 0.000000 3.550000 3.650000 9.424778 11.000000
0L0R 0.000000 0.000000 2.500000 2.500000 9.424778 7.853982
0L1L 0.550000 0.650000 9.350000 10.900000 9.424778 10.995574
0L5S 5.900000 7.350000 9.424778 11.000000 9.424778 11.000000
0L5L 0.000000 5.700000 3.700000 9.400000 9.424778 9.424778
0L6L 2.450000 6.300000 4.750000 8.600000 9.424778 10.995574
0L7L 3.650000 7.050000 5.750000 9.150000 9.424778 12.566371
0L8L 4.700000 7.900000 6.750000 10.000000 9.424778 14.137167
0L10S 0.000000 6.100000 5.050000 11.000000 9.424778 11.000000
0L9L 5.700000 8.950000 7.800000 11.000000 9.424778 15.707963
0L10R 6.950000 5.350000 9.424778 7.853982 9.424778 7.853982
0L11S 3.500000 5.250000 6.300000 8.000000 9.424778 11.000000
0L12S 5.000000 4.650000 7.400000 7.000000 9.424778 11.000000
0L13S 6.250000 4.250000 8.450000 6.450000 9.424778 11.000000
0L14S 7.350000 4.050000 9.424778 6.150000 9.424778 11.000000
0L13L 2.850000 5.200000 6.550000 8.950000 9.424778 14.137167
0L15S 4.350000 0.000000 9.400000 4.900000 9.424778 11.000000
0L15L 5.700000 0.000000 9.400000 3.700000 9.424778 9.424778
0L14L 1.250000 4.400000 8.150000 11.300000 9.424778 15.707963
0L16S 3.100000 3.000000 5.950000 5.750000 9.424778 11.000000
0L16L 4.650000 2.400000 7.000000 4.700000 9.424778 10.995574
0L17S 2.000000 4.000000 4.400000 6.350000 9.424778 11.000000
0L17L 3.650000 3.400000 5.750000 5.550000 9.424778 12.566371
0L18S 1.000000 4.550000 3.150000 6.750000 9.424778 11.000000
0L19S 0.000000 4.850000 2.050000 6.950000 9.424778 11.000000
0L18L 2.650000 4.150000 4.700000 6.200000 9.424778 14.137167
0S0L 0.000000 0.000000 3.650000 3.550000 11.000000 9.424778
0S0R 0.000000 0.000000 3.350000 3.250000 11.000000 7.853982
0L19L 1.650000 4.700000 3.700000 6.750000 9.424778 15.707963
0S1L 0.000000 0.000000 5.300000 5.450000 11.000000 10.995574
0S2L 3.600000 4.000000 6.750000 7.200000 11.000000 12.566371
0S3L 5.250000 6.100000 8.000000 8.850000 11.000000 14.137167
0S5S 5.000000 4.000000 7.050000 6.050000 11.000000 11.000000
0S5L 0.000000 4.350000 4.900000 9.400000 11.000000 9.424778
0S4L 6.700000 7.950000 9.250000 10.500000 11.000000 15.707963
0S6S 6.000000 4.000000 8.050000 6.050000 11.000000 11.000000
0S5R 7.650000 4.600000 11.000000 7.853982 11.000000 7.853982
0S6L 3.300000 4.250000 6.250000 7.250000 11.000000 10.995574
0S7S 7.000000 4.000000 9.050000 6.050000 11.000000 11.000000
0S8S 8.000000 4.000000 10.000000 6.050000 11.000000 11.000000
0S7L 4.850000 4.150000 7.500000 6.800000 11.000000 12.566371
0S9S 9.000000 4.000000 11.000000 6.050000 11.000000 11.000000
0S8L 6.200000 4.100000 8.700000 6.600000 11.000000 14.137167
0S10L 6.100000 0.000000 11.000000 5.050000 11.000000 9.424778
0S9L 7.450000 4.100000 9.800000 6.450000 11.000000 15.707963
0S11L 4.750000 3.750000 7.700000 6.750000 11.000000 10.995574
0S12L 3.500000 5.750000 6.150000 8.400000 11.000000 12.566371
0S15S 4.000000 5.000000 6.050000 7.050000 11.000000 11.000000
0S13L 2.300000 7.550000 4.800000 10.000000 11.000000 14.137167
0S15L 7.350000 5.900000 11.000000 9.424778 11.000000 9.424778
0S14L 1.200000 9.250000 3.550000 11.600000 11.000000 15.707963
0S16S 3.000000 5.000000 5.050000 7.050000 11.000000 11.000000
0S16L 5.700000 5.550000 11.000000 10.995574 11.000000 10.995574
0S17S 1.950000 5.000000 4.050000 7.050000 11.000000 11.000000
0S18S 0.950000 5.000000 3.050000 7.050000 11.000000 11.000000
0S17L 4.250000 5.400000 7.400000 8.550000 11.000000 12.566371
0S19S 0.000000 5.000000 2.000000 7.050000 11.000000 11.000000
0S18L 3.000000 5.300000 5.750000 8.050000 11.000000 14.137167
0R0S 0.000000 0.000000 3.250000 3.350000 7.853982 11.000000
0R0L 0.000000 0.000000 2.500000 2.500000 7.853982 9.424778
0S19L 1.750000 5.200000 4.300000 7.800000 11.000000 15.707963
0R1L 0.000000 0.000000 3.650000 3.650000 7.853982 10.995574
0R1S 0.000000 0.000000 4.650000 4.500000 7.853982 11.000000
0R1R 0.450000 0.350000 7.800000 6.250000 7.853982 6.283185
0R2S 3.200000 2.600000 5.800000 5.200000 7.853982 11.000000
0R2L 2.450000 2.250000 4.700000 4.500000 7.853982 12.566371
0R3S 4.600000 3.450000 6.850000 5.700000 7.853982 11.000000
0R3L 3.600000 3.100000 5.700000 5.200000 7.853982 14.137167
0R4S 5.750000 3.850000 7.853982 5.950000 7.853982 11.000000
0R4L 4.650000 3.700000 6.750000 5.750000 7.853982 15.707963
0R10L 5.350000 6.950000 7.853982 9.424778 7.853982 9.424778
0R11L 4.200000 7.350000 7.850000 10.995574 7.853982 10.995574
0R12L 3.150000 8.050000 5.400000 10.350000 7.853982 12.566371
0R13L 2.150000 8.900000 4.250000 11.000000 7.853982 14.137167
0R15S 4.600000 7.650000 7.853982 11.000000 7.853982 11.000000
0R14L 1.100000 9.950000 3.200000 12.000000 7.853982 15.707963
0R16S 3.200000 6.500000 7.850000 11.000000 7.853982 11.000000
0R17S 2.050000 5.800000 4.650000 8.400000 7.853982 11.000000
0R18S 1.000000 5.300000 3.250000 7.550000 7.853982 11.000000
0R19S 0.000000 5.050000 2.100000 7.150000 7.853982 11.000000
0R19L 2.150000 6.000000 5.700000 9.700000 7.853982 15.707963
1L0S 0.000000 0.000000 5.450000 5.300000 10.995574 11.000000
1L0L 0.650000 0.550000 10.900000 9.350000 10.995574 9.424778
1L1S 0.000000 0.000000 3.800000 3.900000 10.995574 11.000000
1L1R 0.000000 0.000000 2.450000 2.400000 10.995574 6.283185
1L0R 0.000000 0.000000 3.650000 3.650000 10.995574 7.853982
1L2L 0.650000 0.750000 10.200000 11.650000 10.995574 12.566371
1L5S 5.550000 5.700000 10.995574 11.000000 10.995574 11.000000
1L5L 2.400000 4.650000 4.700000 7.000000 10.995574 9.424778
1L6S 7.200000 7.100000 10.995574 11.000000 10.995574 11.000000
1L6L 3.600000 5.300000 5.700000 7.400000 10.995574 10.995574
1L7L 4.650000 6.050000 6.700000 8.100000 10.995574 12.566371
1L8L 5.650000 6.900000 7.700000 8.950000 10.995574 14.137167
1L9L 6.650000 7.900000 8.750000 10.000000 10.995574 15.707963
1L10S 3.750000 4.750000 6.750000 7.700000 10.995574 11.000000
1L10R 7.350000 4.200000 10.995574 7.850000 10.995574 7.853982
1L11R 8.550000 3.900000 10.995574 6.283185 10.995574 6.283185
1L11S 5.400000 4.050000 7.900000 6.550000 10.995574 11.000000
1L12S 6.700000 3.550000 9.000000 5.850000 10.995574 11.000000
1L12L 3.600000 4.350000 7.400000 8.200000 10.995574 12.566371
1L13S 7.850000 3.250000 10.000000 5.350000 10.995574 11.000000
1L14S 8.950000 3.050000 10.995574 5.100000 10.995574 11.000000
1L13L 1.950000 3.550000 9.050000 10.600000 10.995574 14.137167
1L15L 6.300000 2.450000 8.600000 4.750000 10.995574 9.424778
1L15S 4.250000 3.300000 7.250000 6.250000 10.995574 11.000000
1L14L 0.750000 3.150000 10.250000 12.550000 10.995574 15.707963
1L16S 3.100000 4.450000 5.600000 6.950000 10.995574 11.000000
1L16L 5.300000 3.600000 7.400000 5.700000 10.995574 10.995574
1L17S 2.000000 5.150000 4.300000 7.450000 10.995574 11.000000
1L17L 4.300000 4.450000 6.350000 6.550000 10.995574 12.566371
1L18S 1.000000 5.650000 3.150000 7.750000 10.995574 11.000000
1L19S 0.000000 5.900000 2.050000 7.950000 10.995574 11.000000
1L18L 3.300000 5.150000 5.350000 7.200000 10.995574 14.137167
1S0R 0.000000 0.000000 4.500000 4.650000 11.000000 7.853982
1S1R 0.000000 0.000000 3.000000 2.900000 11.000000 6.283185
1L19L 2.250000 5.700000 4.350000 7.800000 10.995574 15.707963
1S1L 0.000000 0.000000 3.900000 3.800000 11.000000 10.995574
1S2L 0.000000 0.000000 5.700000 5.800000 11.000000 12.566371
1S5S 5.000000 3.000000 7.050000 5.050000 11.000000 11.000000
1S3L 3.850000 4.250000 7.150000 7.600000 11.000000 14.137167
1S5L 3.000000 3.100000 5.750000 5.950000 11.000000 9.424778
1S4L 5.650000 6.400000 8.500000 9.300000 11.000000 15.707963
1S5R 6.500000 3.200000 11.000000 7.850000 11.000000 7.853982
1S6S 6.000000 3.000000 8.050000 5.050000 11.000000 11.000000
1S6L 4.450000 3.100000 6.950000 5.600000 11.000000 10.995574
1S6R 8.000000 3.350000 11.000000 6.283185 11.000000 6.283185
1S7S 7.000000 3.000000 9.050000 5.050000 11.000000 11.000000
1S8S 8.000000 3.000000 10.000000 5.050000 11.000000 11.000000
1S7L 5.700000 3.050000 8.100000 5.450000 11.000000 12.566371
1S9S 9.000000 3.000000 11.000000 5.050000 11.000000 11.000000
1S8L 6.900000 3.050000 9.200000 5.350000 11.000000 14.137167
1S10L 5.250000 3.500000 8.000000 6.300000 11.000000 9.424778
1S9L 8.050000 3.000000 10.250000 5.250000 11.000000 15.707963
1S11L 4.050000 5.400000 6.550000 7.900000 11.000000 10.995574
1S12L 2.900000 7.150000 5.300000 9.500000 11.000000 12.566371
1S13L 1.800000 8.800000 4.100000 11.100000 11.000000 14.137167
1S15S 4.000000 6.000000 6.050000 8.050000 11.000000 11.000000
1S14L 0.750000 10.450000 2.950000 12.700000 11.000000 15.707963
1S16S 3.000000 6.000000 5.050000 8.050000 11.000000 11.000000
1S16L 7.100000 7.200000 11.000000 10.995574 11.000000 10.995574
1S17S 1.950000 6.000000 4.050000 8.050000 11.000000 11.000000
1S18S 0.950000 6.000000 3.050000 8.050000 11.000000 11.000000
1S17L 5.300000 6.750000 11.000000 12.550000 11.000000 12.566371
1S19S 0.000000 6.000000 2.000000 8.050000 11.000000 11.000000
1S18L 3.850000 6.550000 7.150000 9.900000 11.000000 14.137167
1S19L 2.500000 6.400000 5.350000 9.300000 11.000000 15.707963
1R0R 0.350000 0.450000 6.250000 7.800000 6.283185 7.853982
1R1S 0.000000 0.000000 2.900000 3.000000 6.283185 11.000000
1R1L 0.000000 0.000000 2.400000 2.450000 6.283185 10.995574
1R2R 0.350000 0.250000 5.850000 4.400000 6.283185 4.712389
1R2S 0.000000 0.000000 4.200000 4.000000 6.283185 11.000000
1R2L 0.000000 0.000000 3.550000 3.450000 6.283185 12.566371
1R3S 2.850000 2.200000 5.300000 4.600000 6.283185 11.000000
1R3L 2.350000 2.000000 4.550000 4.200000 6.283185 14.137167
1R4S 4.150000 2.800000 6.283185 4.900000 6.283185 11.000000
1R4L 3.500000 2.700000 5.600000 4.750000 6.283185 15.707963
1R11L 3.900000 8.550000 6.283185 10.995574 6.283185 10.995574
1R12L 2.750000 9.100000 6.283185 12.566371 6.283185 12.566371
1R13L 1.700000 9.950000 3.950000 12.150000 6.283185 14.137167
1R14L 0.700000 10.950000 2.800000 13.050000 6.283185 15.707963
1R16S 3.350000 8.000000 6.283185 11.000000 6.283185 11.000000
1R17S 2.050000 7.000000 6.250000 11.000000 6.283185 11.000000
1R18S 1.000000 6.400000 3.400000 8.800000 6.283185 11.000000
1R19S 0.000000 6.100000 2.100000 8.200000 6.283185 11.000000
2L0S 4.000000 3.600000 7.200000 6.750000 12.566371 11.000000
2L0R 2.250000 2.450000 4.500000 4.700000 12.566371 7.853982
2L1S 0.000000 0.000000 5.800000 5.700000 12.566371 11.000000
2L1R 0.000000 0.000000 3.450000 3.550000 12.566371 6.283185
2L1L 0.750000 0.650000 11.650000 10.200000 12.566371 10.995574
2L2S 0.000000 0.000000 4.050000 4.150000 12.566371 11.000000
2L2R 0.000000 0.000000 2.300000 2.250000 12.566371 4.712389
2L3L 0.750000 0.850000 12.450000 14.000000 12.566371 14.137167
2L5S 5.400000 4.250000 8.550000 7.400000 12.566371 11.000000
2L5L 3.400000 3.650000 5.550000 5.750000 12.566371 9.424778
2L6S 6.750000 5.300000 12.550000 11.000000 12.566371 11.000000
2L7S 8.500000 6.850000 12.566371 11.000000 12.566371 11.000000
2L7L 5.500000 5.050000 7.550000 7.100000 12.566371 12.566371
2L8L 6.500000 5.900000 8.550000 7.950000 12.566371 14.137167
2L9L 7.500000 6.850000 9.600000 9.000000 12.566371 15.707963
2L10S 5.750000 3.500000 8.400000 6.150000 12.566371 11.000000
2L10R 8.050000 3.150000 10.350000 5.400000 12.566371 7.853982
2L11S 7.150000 2.900000 9.500000 5.300000 12.566371 11.000000
2L11L 4.350000 3.600000 8.200000 7.400000 12.566371 10.995574
2L11R 9.100000 2.750000 12.566371 6.283185 12.566371 6.283185
2L6L 4.450000 4.300000 6.550000 6.350000 12.566371 10.995574
2L12S 8.350000 2.500000 10.550000 4.700000 12.566371 11.000000
2L12R 10.300000 2.500000 12.566371 4.712389 12.566371 4.712389
2L12L 2.700000 2.700000 9.850000 9.850000 12.566371 12.566371
2L13S 9.450000 2.200000 11.600000 4.300000 12.566371 11.000000
2L14S 10.500000 2.050000 12.566371 4.100000 12.566371 11.000000
2L15S 4.150000 4.850000 6.800000 7.500000 12.566371 11.000000
2L15L 7.050000 3.650000 9.150000 5.750000 12.566371 9.424778
2L13L 1.500000 2.300000 11.100000 11.850000 12.566371 14.137167
2L16S 3.050000 5.700000 5.450000 8.100000 12.566371 11.000000
2L16L 6.050000 4.650000 8.100000 6.700000 12.566371 10.995574
2L17S 2.000000 6.300000 4.200000 8.500000 12.566371 11.000000
2L17L 5.050000 5.500000 7.100000 7.550000 12.566371 12.566371
2L18S 1.000000 6.700000 3.100000 8.800000 12.566371 11.000000
2L14L 0.400000 2.050000 12.150000 13.650000 12.566371 15.707963
2L18L 4.000000 6.150000 6.100000 8.250000 12.566371 14.137167
2L19S 0.000000 6.900000 2.050000 8.950000 12.566371 11.000000
2S0R 2.600000 3.200000 5.200000 5.800000 11.000000 7.853982
2L19L 2.950000 6.700000 5.100000 8.850000 12.566371 15.707963
2S1R 0.000000 0.000000 4.000000 4.200000 11.000000 6.283185
2S2R 0.000000 0.000000 2.650000 2.550000 11.000000 4.712389
2S2L 0.000000 0.000000 4.150000 4.050000 11.000000 12.566371
2S3L 0.000000 0.000000 6.000000 6.150000 11.000000 14.137167
2S5S 5.000000 2.000000 7.050000 4.050000 11.000000 11.000000
2S4L 4.100000 4.500000 7.550000 8.000000 11.000000 15.707963
2S5L 4.000000 2.000000 6.350000 4.400000 11.000000 9.424778
2S5R 5.800000 2.050000 8.400000 4.650000 11.000000 7.853982
2S6S 6.000000 2.000000 8.050000 4.050000 11.000000 11.000000
2S6L 5.150000 2.000000 7.450000 4.300000 11.000000 10.995574
2S6R 7.000000 2.050000 11.000000 6.250000 11.000000 6.283185
2S7S 7.000000 2.000000 9.050000 4.050000 11.000000 11.000000
2S7R 8.350000 2.150000 11.000000 4.712389 11.000000 4.712389
2S8S 8.000000 2.000000 10.000000 4.050000 11.000000 11.000000
2S7L 6.300000 2.000000 8.500000 4.200000 11.000000 12.566371
2S9S 9.000000 2.000000 11.000000 4.050000 11.000000 11.000000
2S8L 7.400000 2.000000 9.550000 4.150000 11.000000 14.137167
2S10L 4.650000 5.000000 7.000000 7.400000 11.000000 9.424778
2S9L 8.450000 2.000000 10.600000 4.150000 11.000000 15.707963
2S11L 3.550000 6.700000 5.850000 9.000000 11.000000 10.995574
2S12L 2.500000 8.350000 4.700000 10.550000 11.000000 12.566371
2S15S 4.000000 7.000000 6.050000 9.050000 11.000000 11.000000
2S13L 1.450000 9.950000 3.600000 12.150000 11.000000 14.137167
2S14L 0.400000 11.550000 2.550000 13.700000 11.000000 15.707963
2S16S 3.000000 7.000000 5.050000 9.050000 11.000000 11.000000
2S17S 1.950000 7.000000 4.050000 9.050000 11.000000 11.000000
2S18S 0.950000 7.000000 3.050000 9.050000 11.000000 11.000000
2S17L 6.850000 8.500000 11.000000 12.566371 11.000000 12.566371
2S19S 0.000000 7.000000 2.000000 9.050000 11.000000 11.000000
2S18L 5.000000 8.000000 10.950000 14.100000 11.000000 14.137167
2S19L 3.450000 7.750000 6.900000 11.200000 11.000000 15.707963
2R1R 0.250000 0.350000 4.400000 5.850000 4.712389 6.283185
2R2S 0.000000 0.000000 2.550000 2.650000 4.712389 11.000000
2R3R 0.100000 0.050000 4.700000 3.141593 4.712389 3.141593
2R2L 0.000000 0.000000 2.250000 2.300000 4.712389 12.566371
2R3S 0.000000 0.000000 3.700000 3.500000 4.712389 11.000000
2R3L 0.000000 0.000000 3.300000 3.150000 4.712389 14.137167
2R4S 2.500000 1.700000 4.712389 3.900000 4.712389 11.000000
2R4L 2.200000 1.650000 4.350000 3.750000 4.712389 15.707963
2R12L 2.500000 10.300000 4.712389 12.566371 4.712389 12.566371
2R13L 1.400000 10.950000 4.700000 14.137167 4.712389 14.137167
2R14L 0.400000 11.950000 2.550000 14.100000 4.712389 15.707963
2R17S 2.150000 8.350000 4.712389 11.000000 4.712389 11.000000
2R18S 1.000000 7.500000 4.700000 11.000000 4.712389 11.000000
2R19S 0.000000 7.100000 2.200000 9.300000 4.712389 11.000000
3L0S 6.100000 5.250000 8.850000 8.000000 14.137167 11.000000
3L0R 3.100000 3.600000 5.200000 5.700000 14.137167 7.853982
3L1S 4.250000 3.850000 7.600000 7.150000 14.137167 11.000000
3L1R 2.000000 2.350000 4.200000 4.550000 14.137167 6.283185
3L2R 0.000000 0.000000 3.150000 3.300000 14.137167 4.712389
3L2S 0.000000 0.000000 6.150000 6.000000 14.137167 11.000000
3L2L 0.850000 0.750000 14.000000 12.450000 14.137167 12.566371
3L3S 0.000000 0.000000 4.300000 4.400000 14.137167 11.000000
3L3R 0.000000 0.000000 2.050000 1.950000 14.137167 3.141593
3L5S 5.300000 3.000000 8.050000 5.750000 14.137167 11.000000
3L5L 4.150000 2.650000 6.200000 4.700000 14.137167 9.424778
3L4L 0.400000 0.450000 13.100000 14.550000 14.137167 15.707963
3L6S 6.550000 3.850000 9.900000 7.150000 14.137167 11.000000
3L6L 5.150000 3.300000 7.200000 5.350000 14.137167 10.995574
3L7S 8.000000 5.000000 14.100000 10.950000 14.137167 11.000000
3L7L 6.150000 4.000000 8.250000 6.100000 14.137167 12.566371
3L8S 9.850000 6.600000 14.137167 11.000000 14.137167 11.000000
3L8L 7.150000 4.850000 9.300000 6.950000 14.137167 14.137167
3L10S 7.550000 2.300000 10.000000 4.800000 14.137167 11.000000
3L10L 5.200000 2.850000 8.950000 6.550000 14.137167 9.424778
3L10R 8.900000 2.150000 11.000000 4.250000 14.137167 7.853982
3L9L 8.200000 5.800000 10.350000 7.950000 14.137167 15.707963
3L11S 8.800000 1.800000 11.100000 4.100000 14.137167 11.000000
3L11R 9.950000 1.700000 12.150000 3.950000 14.137167 6.283185
3L11L 3.550000 1.950000 10.600000 9.050000 14.137167 10.995574
3L12R 10.950000 1.400000 14.137167 4.700000 14.137167 4.712389
3L12S 9.950000 1.450000 12.150000 3.600000 14.137167 11.000000
3L12L 2.300000 1.500000 11.850000 11.100000 14.137167 12.566371
3L13R 12.100000 1.200000 14.137167 3.141593 14.137167 3.141593
3L13S 11.050000 1.200000 13.150000 3.300000 14.137167 11.000000
3L14S 12.100000 1.050000 14.137167 3.100000 14.137167 11.000000
3L13L 1.200000 1.200000 12.950000 12.950000 14.137167 14.137167
3L15L 7.900000 4.700000 10.000000 6.750000 14.137167 9.424778
3L15S 4.100000 6.200000 6.600000 8.700000 14.137167 11.000000
3L14L 0.150000 1.050000 14.000000 14.700000 14.137167 15.707963
3L16S 3.050000 6.900000 5.350000 9.200000 14.137167 11.000000
3L16L 6.900000 5.650000 8.950000 7.700000 14.137167 10.995574
3L17S 2.000000 7.400000 4.150000 9.550000 14.137167 11.000000
3L17L 5.900000 6.500000 7.950000 8.550000 14.137167 12.566371
3L18S 1.000000 7.700000 3.100000 9.800000 14.137167 11.000000
3L19S 0.000000 7.900000 2.050000 9.950000 14.137167 11.000000
3L18L 4.850000 7.150000 6.950000 9.300000 14.137167 14.137167
3S0R 3.450000 4.600000 5.700000 6.850000 11.000000 7.853982
3S1R 2.200000 2.850000 4.600000 5.300000 11.000000 6.283185
3L19L 3.750000 7.750000 5.950000 9.900000 14.137167 15.707963
3S2R 0.000000 0.000000 3.500000 3.700000 11.000000 4.712389
3S3R 0.000000 0.000000 2.250000 2.100000 11.000000 3.141593
3S3L 0.000000 0.000000 4.400000 4.300000 11.000000 14.137167
3S5S 5.000000 1.000000 7.050000 3.050000 11.000000 11.000000
3S5L 4.550000 1.000000 6.750000 3.150000 11.000000 9.424778
3S4L 0.000000 0.000000 6.350000 6.450000 11.000000 15.707963
3S5R 5.300000 1.000000 7.550000 3.250000 11.000000 7.853982
3S6S 6.000000 1.000000 8.050000 3.050000 11.000000 11.000000
3S6L 5.650000 1.000000 7.750000 3.150000 11.000000 10.995574
3S7S 7.000000 1.000000 9.050000 3.050000 11.000000 11.000000
3S7R 7.500000 1.000000 11.000000 4.700000 11.000000 4.712389
3S8S 8.000000 1.000000 10.000000 3.050000 11.000000 11.000000
3S7L 6.700000 1.000000 8.800000 3.100000 11.000000 12.566371
3S8R 8.750000 1.000000 11.000000 3.141593 11.000000 3.141593
3S8L 7.700000 1.000000 9.800000 3.100000 11.000000 14.137167
3S9S 9.000000 1.000000 11.000000 3.050000 11.000000 11.000000
3S9L 8.750000 1.000000 10.850000 3.050000 11.000000 15.707963
3S10L 4.250000 6.250000 6.450000 8.450000 11.000000 9.424778
3S11L 3.250000 7.850000 5.350000 10.000000 11.000000 10.995574
3S12L 2.200000 9.450000 4.300000 11.600000 11.000000 12.566371
3S13L 1.200000 11.050000 3.300000 13.150000 11.000000 14.137167
3S15S 4.000000 8.000000 6.050000 10.000000 11.000000 11.000000
3S6R 6.400000 1.000000 8.800000 3.400000 11.000000 6.283185
3S14L 0.150000 12.650000 2.250000 14.750000 11.000000 15.707963
3S16S 3.000000 8.000000 5.050000 10.000000 11.000000 11.000000
3S17S 1.950000 8.000000 4.050000 10.000000 11.000000 11.000000
3S18S 0.950000 8.000000 3.050000 10.000000 11.000000 11.000000
3S19S 0.000000 8.000000 2.000000 10.000000 11.000000 11.000000
3S19L 4.650000 9.250000 11.000000 15.700000 11.000000 15.707963
3R2R 0.050000 0.100000 3.141593 4.700000 3.141593 4.712389
3R3S 0.000000 0.000000 2.100000 2.250000 3.141593 11.000000
3R3L 0.000000 0.000000 1.950000 2.050000 3.141593 14.137167
3R4R 0.050000 0.000000 3.141593 1.570796 3.141593 1.570796
3R4S 0.000000 0.000000 3.141593 2.850000 3.141593 11.000000
3R4L 0.000000 0.000000 3.000000 2.750000 3.141593 15.707963
3R13L 1.200000 12.100000 3.141593 14.137167 3.141593 14.137167
3R14L 0.150000 13.000000 3.141593 15.700000 3.141593 15.707963
3S18L 6.600000 9.850000 11.000000 14.137167 11.000000 14.137167
3R18S 1.000000 8.750000 3.141593 11.000000 3.141593 11.000000
3R19S 0.000000 8.150000 3.141593 11.000000 3.141593 11.000000
4L0S 7.950000 6.700000 10.500000 9.250000 15.707963 11.000000
4L0R 3.700000 4.650000 5.750000 6.750000 15.707963 7.853982
4L1S 6.400000 5.650000 9.300000 8.500000 15.707963 11.000000
4L1R 2.700000 3.500000 4.750000 5.600000 15.707963 6.283185
4L2S 4.500000 4.100000 8.000000 7.550000 15.707963 11.000000
4L2R 1.650000 2.200000 3.750000 4.350000 15.707963 4.712389
4L3R 0.000000 0.000000 2.750000 3.000000 15.707963 3.141593
4L4R 0.000000 0.000000 1.700000 1.550000 15.707963 1.570796
4L3S 0.000000 0.000000 6.450000 6.350000 15.707963 11.000000
4L3L 0.450000 0.400000 14.550000 13.100000 15.707963 14.137167
4L4S 0.000000 0.000000 4.550000 4.600000 15.707963 11.000000
4L5S 5.200000 1.750000 7.800000 4.300000 15.707963 11.000000
4L5L 4.700000 1.650000 6.750000 3.700000 15.707963 9.424778
4L5R 6.000000 2.150000 9.700000 5.700000 15.707963 7.853982
4L6S 6.400000 2.500000 9.300000 5.350000 15.707963 11.000000
4L6L 5.700000 2.250000 7.800000 4.350000 15.707963 10.995574
4L7S 7.750000 3.450000 11.200000 6.900000 15.707963 11.000000
4L7L 6.700000 2.950000 8.850000 5.100000 15.707963 12.566371
4L8S 9.250000 4.650000 15.700000 11.000000 15.707963 11.000000
4L8L 7.750000 3.750000 9.900000 5.950000 15.707963 14.137167
4L9S 11.150000 6.400000 15.707963 11.000000 15.707963 11.000000
4L10S 9.250000 1.200000 11.600000 3.550000 15.707963 11.000000
4L10R 9.950000 1.100000 12.000000 3.200000 15.707963 7.853982
4L9L 8.800000 4.700000 11.000000 6.900000 15.707963 15.707963
4L10L 4.400000 1.250000 11.300000 8.150000 15.707963 9.424778
4L11R 10.950000 0.700000 13.050000 2.800000 15.707963 6.283185
4L11S 10.450000 0.750000 12.700000 2.950000 15.707963 11.000000
4L11L 3.150000 0.750000 12.550000 10.250000 15.707963 10.995574
4L12R 11.950000 0.400000 14.100000 2.550000 15.707963 4.712389
4L12S 11.550000 0.400000 13.700000 2.550000 15.707963 11.000000
4L12L 2.050000 0.400000 13.650000 12.150000 15.707963 12.566371
4L13R 13.000000 0.150000 15.700000 3.141593 15.707963 3.141593
4L13S 12.650000 0.150000 14.750000 2.250000 15.707963 11.000000
4L14R 14.050000 0.000000 15.707963 1.570796 15.707963 1.570796
4L14S 13.650000 0.000000 15.707963 2.100000 15.707963 11.000000
4L13L 1.050000 0.150000 14.700000 14.000000 15.707963 14.137167
4L15L 8.950000 5.700000 11.000000 7.800000 15.707963 9.424778
4L15S 4.100000 7.450000 6.450000 9.800000 15.707963 11.000000
4L14L 0.000000 0.000000 15.700000 15.700000 15.707963 15.707963
4L16S 3.000000 8.050000 5.250000 10.250000 15.707963 11.000000
4L16L 7.900000 6.650000 10.000000 8.750000 15.707963 10.995574
4L17S 2.000000 8.450000 4.150000 10.600000 15.707963 11.000000
4L17L 6.850000 7.500000 9.000000 9.600000 15.707963 12.566371
4L18S 1.000000 8.750000 3.050000 10.850000 15.707963 11.000000
4L19S 0.000000 8.900000 2.050000 11.000000 15.707963 11.000000
4L18L 5.800000 8.200000 7.950000 10.350000 15.707963 14.137167
4S0R 3.850000 5.750000 5.950000 7.853982 11.000000 7.853982
4S1R 2.800000 4.150000 4.900000 6.283185 11.000000 6.283185
4S2R 1.700000 2.500000 3.900000 4.712389 11.000000 4.712389
4L19L 4.700000 8.800000 6.900000 11.000000 15.707963 15.707963
4S3R 0.000000 0.000000 2.850000 3.141593 11.000000 3.141593
4S4R 0.000000 0.000000 1.750000 1.570796 11.000000 1.570796
4S5S 5.000000 0.000000 7.050000 2.000000 11.000000 11.000000
4S5L 4.850000 0.000000 6.950000 2.050000 11.000000 9.424778
4S4L 0.000000 0.000000 4.600000 4.550000 11.000000 15.707963
4S5R 5.050000 0.000000 7.150000 2.100000 11.000000 7.853982
4S6S 6.000000 0.000000 8.050000 2.000000 11.000000 11.000000
4S6L 5.900000 0.000000 7.950000 2.050000 11.000000 10.995574
4S7S 7.000000 0.000000 9.050000 2.000000 11.000000 11.000000
4S6R 6.100000 0.000000 8.200000 2.100000 11.000000 6.283185
4S7R 7.100000 0.000000 9.300000 2.200000 11.000000 4.712389
4S8S 8.000000 0.000000 10.000000 2.000000 11.000000 11.000000
4S8R 8.150000 0.000000 11.000000 3.141593 11.000000 3.141593
4S7L 6.900000 0.000000 8.950000 2.050000 11.000000 12.566371
4S9R 9.250000 0.000000 11.000000 1.570796 11.000000 1.570796
4S9S 9.000000 0.000000 11.000000 2.000000 11.000000 11.000000
4S8L 7.900000 0.000000 9.950000 2.050000 11.000000 14.137167
4S10L 4.050000 7.350000 6.150000 9.424778 11.000000 9.424778
4S9L 8.900000 0.000000 11.000000 2.050000 11.000000 15.707963
4S11L 3.050000 8.950000 5.100000 10.995574 11.000000 10.995574
4S12L 2.050000 10.500000 4.100000 12.566371 11.000000 12.566371
4S15S 4.000000 9.000000 6.050000 11.000000 11.000000 11.000000
4S13L 1.050000 12.100000 3.100000 14.137167 11.000000 14.137167
4S14L 0.000000 13.650000 2.100000 15.707963 11.000000 15.707963
4S16S 3.000000 9.000000 5.050000 11.000000 11.000000 11.000000
4S17S 1.950000 9.000000 4.050000 11.000000 11.000000 11.000000
4S18S 0.950000 9.000000 3.050000 11.000000 11.000000 11.000000
4S19S 0.000000 9.000000 2.000000 11.000000 11.000000 11.000000
4R3R 0.000000 0.050000 1.570796 3.141593 1.570796 3.141593
4R4S 0.000000 0.000000 1.570796 1.750000 1.570796 11.000000
4S19L 6.400000 11.150000 11.000000 15.707963 11.000000 15.707963
4R4L 0.000000 0.000000 1.550000 1.700000 1.570796 15.707963
4R14L 0.000000 14.050000 1.570796 15.707963 1.570796 15.707963
4R19S 0.000000 9.250000 1.570796 11.000000 1.570796 11.000000
