0L0S 0.000000 0.000000 4.300000 4.400000 14.137167 17.000000
0L0R 0.000000 0.000000 3.050000 3.050000 14.137167 12.566371
0L1L 0.400000 0.450000 13.100000 14.550000 14.137167 15.707963
0L8L 0.000000 9.700000 4.450000 14.137167 14.137167 14.137167
0L8S 9.850000 12.600000 14.137167 17.000000 14.137167 17.000000
0L9L 3.000000 10.150000 5.600000 12.750000 14.137167 15.707963
0L10L 4.400000 10.700000 6.700000 13.000000 14.137167 17.278760
0L11L 5.550000 11.450000 7.700000 13.600000 14.137167 18.849556
0L12L 6.650000 12.250000 8.700000 14.350000 14.137167 20.420352
0L13L 7.650000 13.150000 9.700000 15.200000 14.137167 21.991149
0L14L 8.650000 14.200000 10.750000 16.250000 14.137167 23.561945
0L16S 0.000000 11.000000 6.150000 17.000000 14.137167 17.000000
0L15L 9.650000 15.300000 11.750000 17.400000 14.137167 25.132741
0L16R 11.100000 9.550000 14.137167 12.566371 14.137167 12.566371
0L17S 4.250000 9.850000 7.600000 13.150000 14.137167 17.000000
0L18S 6.100000 9.000000 8.850000 11.750000 14.137167 17.000000
0L19S 7.550000 8.300000 10.000000 10.800000 14.137167 17.000000
0L20S 8.800000 7.800000 11.100000 10.100000 14.137167 17.000000
0L21S 9.950000 7.450000 12.150000 9.600000 14.137167 17.000000
0L22S 11.050000 7.200000 13.150000 9.300000 14.137167 17.000000
0L22L 3.700000 8.350000 10.450000 15.200000 14.137167 23.561945
0L24L 9.700000 0.000000 14.137167 4.450000 14.137167 14.137167
0L24S 8.000000 0.050000 14.100000 6.000000 14.137167 17.000000
0L23L 2.150000 7.650000 12.000000 17.450000 14.137167 25.132741
0L25S 6.550000 3.850000 9.900000 7.150000 14.137167 17.000000
0L25L 8.550000 2.950000 11.150000 5.550000 14.137167 15.707963
0L23S 12.100000 7.050000 14.137167 9.100000 14.137167 17.000000
0L26S 5.300000 5.250000 8.050000 8.000000 14.137167 17.000000
0L26L 7.450000 4.250000 9.750000 6.550000 14.137167 17.278760
0L27S 4.100000 6.200000 6.600000 8.700000 14.137167 17.000000
0L28S 3.050000 6.900000 5.350000 9.200000 14.137167 17.000000
0L29S 2.000000 7.400000 4.150000 9.550000 14.137167 17.000000
0L28L 5.400000 6.100000 7.500000 8.150000 14.137167 20.420352
0L27L 6.400000 5.250000 8.600000 7.400000 14.137167 18.849556
0L29L 4.400000 6.750000 6.450000 8.850000 14.137167 21.991149
0L30S 1.000000 7.700000 3.100000 9.800000 14.137167 17.000000
0L31S 0.000000 7.900000 2.050000 9.950000 14.137167 17.000000
0L30L 3.400000 7.300000 5.450000 9.400000 14.137167 23.561945
0S0L 0.000000 0.000000 4.400000 4.300000 17.000000 14.137167
0S0R 0.000000 0.000000 4.150000 4.050000 17.000000 12.566371
0L31L 2.400000 7.750000 4.450000 9.850000 14.137167 25.132741
0S1L 0.000000 0.000000 6.350000 6.450000 17.000000 15.707963
0S2L 4.350000 4.700000 7.950000 8.350000 17.000000 17.278760
0S3L 6.300000 7.000000 9.400000 10.100000 17.000000 18.849556
0S4L 7.900000 9.000000 10.750000 11.850000 17.000000 20.420352
0S5L 9.350000 10.850000 12.000000 13.500000 17.000000 21.991149
0S8S 8.000000 7.000000 10.000000 9.050000 17.000000 17.000000
0S6L 10.700000 12.600000 13.250000 15.150000 17.000000 23.561945
0S8L 0.050000 8.000000 6.000000 14.100000 17.000000 14.137167
0S7L 12.000000 14.300000 14.450000 16.800000 17.000000 25.132741
0S9S 9.000000 7.000000 11.000000 9.050000 17.000000 17.000000
0S8R 12.850000 8.500000 17.000000 12.566371 17.000000 12.566371
0S9L 4.100000 7.750000 7.550000 11.200000 17.000000 15.707963
0S10S 9.950000 7.000000 12.000000 9.050000 17.000000 17.000000
0S11S 10.950000 7.000000 13.000000 9.050000 17.000000 17.000000
0S10L 6.000000 7.550000 8.950000 10.550000 17.000000 17.278760
0S12S 11.950000 7.000000 14.000000 9.050000 17.000000 17.000000
0S11L 7.550000 7.450000 10.250000 10.200000 17.000000 18.849556
0S13S 12.950000 7.000000 15.000000 9.050000 17.000000 17.000000
0S12L 8.900000 7.350000 11.500000 9.950000 17.000000 20.420352
0S14S 13.950000 7.000000 16.000000 9.050000 17.000000 17.000000
0S13L 10.200000 7.300000 12.700000 9.800000 17.000000 21.991149
0S15S 14.950000 7.000000 17.000000 9.050000 17.000000 17.000000
0S14L 11.450000 7.250000 13.900000 9.700000 17.000000 23.561945
0S16L 11.000000 0.000000 17.000000 6.150000 17.000000 14.137167
0S15L 12.650000 7.200000 15.000000 9.600000 17.000000 25.132741
0S17L 9.450000 4.500000 12.900000 8.000000 17.000000 15.707963
0S18L 8.050000 6.700000 11.000000 9.700000 17.000000 17.278760
0S19L 6.750000 8.650000 9.450000 11.400000 17.000000 18.849556
0S20L 5.500000 10.450000 8.100000 13.050000 17.000000 20.420352
0S21L 4.300000 12.200000 6.800000 14.700000 17.000000 21.991149
0S24S 7.000000 8.000000 9.050000 10.000000 17.000000 17.000000
0S22L 3.100000 13.900000 5.550000 16.300000 17.000000 23.561945
0S24L 12.600000 9.850000 17.000000 14.137167 17.000000 14.137167
0S25S 6.000000 8.000000 8.050000 10.000000 17.000000 17.000000
0S23L 2.000000 15.550000 4.350000 17.900000 17.000000 25.132741
0S25L 10.650000 9.250000 17.000000 15.700000 17.000000 15.707963
0S26S 5.000000 8.000000 7.050000 10.000000 17.000000 17.000000
0S27S 4.000000 8.000000 6.050000 10.000000 17.000000 17.000000
0S27L 7.600000 8.750000 10.700000 11.850000 17.000000 18.849556
0S28S 3.000000 8.000000 5.050000 10.000000 17.000000 17.000000
0S28L 6.250000 8.600000 9.100000 11.450000 17.000000 20.420352
0S29S 1.950000 8.000000 4.050000 10.000000 17.000000 17.000000
0S30S 0.950000 8.000000 3.050000 10.000000 17.000000 17.000000
0S29L 5.000000 8.500000 7.650000 11.150000 17.000000 21.991149
0S26L 9.050000 8.950000 12.650000 12.600000 17.000000 17.278760
0S31S 0.000000 8.000000 2.000000 10.000000 17.000000 17.000000
0S30L 3.750000 8.400000 6.300000 10.950000 17.000000 23.561945
0R0L 0.000000 0.000000 3.050000 3.050000 12.566371 14.137167
0S31L 2.550000 8.350000 5.000000 10.850000 17.000000 25.132741
0R1L 0.000000 0.000000 4.400000 4.400000 12.566371 15.707963
0R1S 0.000000 0.000000 5.800000 5.700000 12.566371 17.000000
0R1R 0.750000 0.650000 11.650000 10.200000 12.566371 10.995574
0R2S 4.000000 3.600000 7.200000 6.750000 12.566371 17.000000
0R0S 0.000000 0.000000 4.050000 4.150000 12.566371 17.000000
0R3S 5.750000 4.850000 8.400000 7.500000 12.566371 17.000000
0R3L 4.350000 4.100000 6.650000 6.400000 12.566371 18.849556
0R4S 7.150000 5.700000 9.500000 8.100000 12.566371 17.000000
0R2L 3.000000 2.900000 5.600000 5.500000 12.566371 17.278760
0R4L 5.550000 5.050000 7.650000 7.150000 12.566371 20.420352
0R5S 8.350000 6.300000 10.550000 8.500000 12.566371 17.000000
0R6S 9.450000 6.700000 11.600000 8.800000 12.566371 17.000000
0R5L 6.600000 5.750000 8.650000 7.850000 12.566371 21.991149
0R7S 10.500000 6.900000 12.566371 8.950000 12.566371 17.000000
0R6L 7.600000 6.300000 9.650000 8.350000 12.566371 23.561945
0R7L 8.600000 6.750000 10.700000 8.800000 12.566371 25.132741
0R16L 9.550000 11.100000 12.566371 14.137167 12.566371 14.137167
0R17L 8.150000 11.300000 12.550000 15.700000 12.566371 15.707963
0R18L 7.000000 11.800000 9.600000 14.400000 12.566371 17.278760
0R19L 5.900000 12.450000 8.200000 14.750000 12.566371 18.849556
0R21L 3.900000 14.150000 5.950000 16.250000 12.566371 21.991149
0R20L 4.900000 13.250000 7.050000 15.400000 12.566371 20.420352
0R22L 2.900000 15.200000 4.950000 17.250000 12.566371 23.561945
0R24S 8.500000 12.850000 12.566371 17.000000 12.566371 17.000000
0R23L 1.900000 16.300000 3.950000 18.400000 12.566371 25.132741
0R25S 6.750000 11.300000 12.550000 17.000000 12.566371 17.000000
0R26S 5.400000 10.250000 8.550000 13.400000 12.566371 17.000000
0R27S 4.150000 9.500000 6.800000 12.150000 12.566371 17.000000
0R28S 3.050000 8.900000 5.450000 11.300000 12.566371 17.000000
0R29S 2.000000 8.500000 4.200000 10.700000 12.566371 17.000000
0R30S 1.000000 8.200000 3.100000 10.300000 12.566371 17.000000
0R31S 0.000000 8.050000 2.050000 10.100000 12.566371 17.000000
1L0L 0.450000 0.400000 14.550000 13.100000 15.707963 14.137167
1L0S 0.000000 0.000000 6.450000 6.350000 15.707963 17.000000
1L0R 0.000000 0.000000 4.400000 4.400000 15.707963 12.566371
1L1S 0.000000 0.000000 4.550000 4.600000 15.707963 17.000000
1L1R 0.000000 0.000000 3.000000 3.000000 15.707963 10.995574
1L2L 0.450000 0.500000 14.550000 16.000000 15.707963 17.278760
0R31L 3.000000 9.250000 9.600000 15.900000 12.566371 25.132741
1L8L 2.950000 8.550000 5.550000 11.150000 15.707963 14.137167
1L8S 9.250000 10.650000 15.700000 17.000000 15.707963 17.000000
1L9S 11.150000 12.400000 15.707963 17.000000 15.707963 17.000000
1L9L 4.350000 9.050000 6.650000 11.350000 15.707963 15.707963
1L10L 5.500000 9.700000 7.700000 11.850000 15.707963 17.278760
1L11L 6.600000 10.400000 8.700000 12.500000 15.707963 18.849556
1L12L 7.650000 11.250000 9.700000 13.300000 15.707963 20.420352
1L13L 8.650000 12.150000 10.700000 14.200000 15.707963 21.991149
1L14L 9.650000 13.150000 11.700000 15.250000 15.707963 23.561945
1L16S 4.500000 9.450000 8.000000 12.900000 15.707963 17.000000
1L15L 10.650000 14.250000 12.750000 16.350000 15.707963 25.132741
1L16R 11.300000 8.150000 15.700000 12.550000 15.707963 12.566371
1L17R 12.700000 8.000000 15.707963 10.995574 15.707963 10.995574
1L17S 6.400000 8.500000 9.300000 11.350000 15.707963 17.000000
1L18S 7.950000 7.750000 10.500000 10.300000 15.707963 17.000000
1L19S 9.250000 7.200000 11.600000 9.550000 15.707963 17.000000
1L20S 10.450000 6.750000 12.700000 8.950000 15.707963 17.000000
1L21S 11.550000 6.400000 13.700000 8.550000 15.707963 17.000000
1L22S 12.650000 6.150000 14.750000 8.250000 15.707963 17.000000
1L21L 4.400000 7.550000 11.300000 14.450000 15.707963 21.991149
1L22L 2.850000 6.800000 12.900000 16.800000 15.707963 23.561945
1L24L 10.150000 3.000000 12.750000 5.600000 15.707963 14.137167
1L23L 1.550000 6.400000 14.150000 18.750000 15.707963 25.132741
1L24S 7.750000 4.100000 11.200000 7.550000 15.707963 17.000000
1L25S 6.400000 5.650000 9.300000 8.500000 15.707963 17.000000
1L25L 9.050000 4.350000 11.350000 6.650000 15.707963 15.707963
1L26S 5.200000 6.700000 7.800000 9.250000 15.707963 17.000000
1L26L 8.000000 5.450000 10.200000 7.600000 15.707963 17.278760
1L27S 4.100000 7.450000 6.450000 9.800000 15.707963 17.000000
1L27L 7.000000 6.350000 9.100000 8.450000 15.707963 18.849556
1L28S 3.000000 8.050000 5.250000 10.250000 15.707963 17.000000
1L23S 13.650000 6.000000 15.707963 8.100000 15.707963 17.000000
1L28L 6.000000 7.100000 8.050000 9.150000 15.707963 20.420352
1L29S 2.000000 8.450000 4.150000 10.600000 15.707963 17.000000
1L30S 1.000000 8.750000 3.050000 10.850000 15.707963 17.000000
1L29L 5.000000 7.800000 7.050000 9.850000 15.707963 21.991149
1L31S 0.000000 8.900000 2.050000 11.000000 15.707963 17.000000
1L31L 2.950000 8.750000 5.050000 10.850000 15.707963 25.132741
1L30L 4.000000 8.350000 6.050000 10.400000 15.707963 23.561945
1S0R 0.000000 0.000000 5.700000 5.800000 17.000000 12.566371
1S1L 0.000000 0.000000 4.600000 4.550000 17.000000 15.707963
1S1R 0.000000 0.000000 3.900000 3.800000 17.000000 10.995574
1S2L 0.000000 0.000000 6.650000 6.750000 17.000000 17.278760
1S3L 4.550000 4.900000 8.350000 8.700000 17.000000 18.849556
1S4L 6.600000 7.300000 9.800000 10.500000 17.000000 20.420352
1S5L 8.300000 9.300000 11.200000 12.250000 17.000000 21.991149
1S6L 9.750000 11.200000 12.500000 13.950000 17.000000 23.561945
1S8S 8.000000 6.000000 10.000000 8.050000 17.000000 17.000000
1S8L 3.850000 6.550000 7.150000 9.900000 17.000000 14.137167
1S7L 11.150000 13.000000 13.750000 15.600000 17.000000 25.132741
1S9S 9.000000 6.000000 11.000000 8.050000 17.000000 17.000000
1S8R 11.300000 6.750000 17.000000 12.550000 17.000000 12.566371
1S9L 5.650000 6.400000 8.500000 9.300000 17.000000 15.707963
1S9R 13.100000 7.200000 17.000000 10.995574 17.000000 10.995574
1S10S 9.950000 6.000000 12.000000 8.050000 17.000000 17.000000
1S10L 7.100000 6.300000 9.750000 9.000000 17.000000 17.278760
1S11S 10.950000 6.000000 13.000000 8.050000 17.000000 17.000000
1S12S 11.950000 6.000000 14.000000 8.050000 17.000000 17.000000
1S11L 8.450000 6.250000 11.000000 8.800000 17.000000 18.849556
1S13S 12.950000 6.000000 15.000000 8.050000 17.000000 17.000000
1S12L 9.700000 6.200000 12.150000 8.650000 17.000000 20.420352
1S14S 13.950000 6.000000 16.000000 8.050000 17.000000 17.000000
1S13L 10.950000 6.200000 13.300000 8.550000 17.000000 21.991149
1S15S 14.950000 6.000000 17.000000 8.050000 17.000000 17.000000
1S14L 12.100000 6.150000 14.400000 8.450000 17.000000 23.561945
1S16L 9.850000 4.250000 13.150000 7.600000 17.000000 14.137167
1S15L 13.250000 6.150000 15.500000 8.400000 17.000000 25.132741
1S17L 8.500000 6.400000 11.350000 9.300000 17.000000 15.707963
1S18L 7.250000 8.300000 9.900000 10.950000 17.000000 17.278760
1S19L 6.000000 10.050000 8.550000 12.600000 17.000000 18.849556
1S20L 4.850000 11.800000 7.300000 14.200000 17.000000 20.420352
1S21L 3.700000 13.450000 6.050000 15.800000 17.000000 21.991149
1S22L 2.600000 15.100000 4.900000 17.400000 17.000000 23.561945
1S24S 7.000000 9.000000 9.050000 11.000000 17.000000 17.000000
1S23L 1.500000 16.750000 3.750000 19.000000 17.000000 25.132741
1S25S 6.000000 9.000000 8.050000 11.000000 17.000000 17.000000
1S25L 12.400000 11.150000 17.000000 15.707963 17.000000 15.707963
1S26S 5.000000 9.000000 7.050000 11.000000 17.000000 17.000000
1S27S 4.000000 9.000000 6.050000 11.000000 17.000000 17.000000
1S26L 10.350000 10.500000 16.950000 17.250000 17.000000 17.278760
1S28S 3.000000 9.000000 5.050000 11.000000 17.000000 17.000000
1S27L 8.650000 10.150000 12.450000 13.950000 17.000000 18.849556
1S29S 1.950000 9.000000 4.050000 11.000000 17.000000 17.000000
1S28L 7.200000 9.900000 10.400000 13.150000 17.000000 20.420352
1S30S 0.950000 9.000000 3.050000 11.000000 17.000000 17.000000
1S29L 5.800000 9.750000 8.700000 12.700000 17.000000 21.991149
1S31S 0.000000 9.000000 2.000000 11.000000 17.000000 17.000000
1S30L 4.500000 9.650000 7.250000 12.350000 17.000000 23.561945
1S31L 3.250000 9.550000 5.850000 12.150000 17.000000 25.132741
1R0R 0.650000 0.750000 10.200000 11.650000 10.995574 12.566371
1R1S 0.000000 0.000000 3.800000 3.900000 10.995574 17.000000
1R1L 0.000000 0.000000 3.000000 3.000000 10.995574 15.707963
1R2S 0.000000 0.000000 5.450000 5.300000 10.995574 17.000000
1R2L 0.000000 0.000000 4.350000 4.300000 10.995574 17.278760
1R2R 0.300000 0.250000 10.900000 9.350000 10.995574 9.424778
1R3S 3.750000 3.300000 6.750000 6.250000 10.995574 17.000000
1R3L 2.950000 2.750000 5.500000 5.300000 10.995574 18.849556
1R4L 4.300000 3.900000 6.550000 6.150000 10.995574 20.420352
1R5S 6.700000 5.150000 9.000000 7.450000 10.995574 17.000000
1R5L 5.450000 4.700000 7.550000 6.800000 10.995574 21.991149
1R6S 7.850000 5.650000 10.000000 7.750000 10.995574 17.000000
1R6L 6.500000 5.300000 8.550000 7.350000 10.995574 23.561945
1R7S 8.950000 5.900000 10.995574 7.950000 10.995574 17.000000
1R4S 5.400000 4.450000 7.900000 6.950000 10.995574 17.000000
1R7L 7.500000 5.750000 9.550000 7.800000 10.995574 25.132741
1R17L 8.000000 12.700000 10.995574 15.707963 10.995574 15.707963
1R18L 6.650000 12.950000 10.995574 17.278760 10.995574 17.278760
1R19L 5.500000 13.550000 8.050000 16.100000 10.995574 18.849556
1R20L 4.450000 14.300000 6.700000 16.500000 10.995574 20.420352
1R21L 3.450000 15.150000 5.550000 17.300000 10.995574 21.991149
1R22L 2.450000 16.200000 4.500000 18.250000 10.995574 23.561945
1R23L 1.450000 17.350000 3.500000 19.400000 10.995574 25.132741
1R25S 7.200000 13.100000 10.995574 17.000000 10.995574 17.000000
1R26S 5.550000 11.700000 10.995574 17.000000 10.995574 17.000000
1R27S 4.250000 10.750000 7.250000 13.700000 10.995574 17.000000
1R28S 3.100000 10.050000 5.600000 12.550000 10.995574 17.000000
1R29S 2.000000 9.550000 4.300000 11.850000 10.995574 17.000000
1R30S 1.000000 9.250000 3.150000 11.350000 10.995574 17.000000
1R31S 0.000000 9.050000 2.050000 11.100000 10.995574 17.000000
2L0S 4.700000 4.350000 8.350000 7.950000 17.278760 17.000000
2L0R 2.900000 3.000000 5.500000 5.600000 17.278760 12.566371
2L1S 0.000000 0.000000 6.750000 6.650000 17.278760 17.000000
2L1L 0.500000 0.450000 16.000000 14.550000 17.278760 15.707963
2L1R 0.000000 0.000000 4.300000 4.350000 17.278760 10.995574
2L2S 0.000000 0.000000 4.750000 4.800000 17.278760 17.000000
2L2R 0.000000 0.000000 2.950000 2.900000 17.278760 9.424778
2L3L 1.050000 1.150000 16.550000 18.050000 17.278760 18.849556
2L8S 8.950000 9.050000 12.600000 12.650000 17.278760 17.000000
2L8L 4.250000 7.450000 6.550000 9.750000 17.278760 14.137167
2L9S 10.500000 10.350000 17.250000 16.950000 17.278760 17.000000
2L9L 5.450000 8.000000 7.600000 10.200000 17.278760 15.707963
2L10S 12.550000 12.200000 17.278760 17.000000 17.278760 17.000000
2L10L 6.500000 8.700000 8.600000 10.750000 17.278760 17.278760
2L11L 7.550000 9.400000 9.600000 11.500000 17.278760 18.849556
2L12L 8.550000 10.250000 10.600000 12.300000 17.278760 20.420352
2L13L 9.550000 11.150000 11.600000 13.200000 17.278760 21.991149
2L14L 10.550000 12.150000 12.650000 14.250000 17.278760 23.561945
2L16S 6.700000 8.050000 9.700000 11.000000 17.278760 17.000000
2L15L 11.550000 13.250000 13.700000 15.350000 17.278760 25.132741
2L16R 11.800000 7.000000 14.400000 9.600000 17.278760 12.566371
2L17S 8.300000 7.250000 10.950000 9.900000 17.278760 17.000000
2L17R 12.950000 6.650000 17.278760 10.995574 17.278760 10.995574
2L18S 9.650000 6.600000 12.100000 9.000000 17.278760 17.000000
2L18R 14.350000 6.500000 17.278760 9.424778 17.278760 9.424778
2L19S 10.900000 6.050000 13.200000 8.350000 17.278760 17.000000
2L20S 12.050000 5.650000 14.250000 7.850000 17.278760 17.000000
2L20L 5.150000 6.700000 12.100000 13.700000 17.278760 20.420352
2L21S 13.150000 5.350000 15.300000 7.500000 17.278760 17.000000
2L22S 14.200000 5.150000 16.300000 7.250000 17.278760 17.000000
2L21L 3.550000 5.950000 13.700000 16.050000 17.278760 21.991149
2L23S 15.250000 5.000000 17.278760 7.050000 17.278760 17.000000
2L22L 2.250000 5.500000 15.000000 18.100000 17.278760 23.561945
2L24S 7.550000 6.000000 10.550000 8.950000 17.278760 17.000000
2L24L 10.700000 4.400000 13.000000 6.700000 17.278760 14.137167
2L23L 1.100000 5.200000 16.200000 19.900000 17.278760 25.132741
2L25S 6.300000 7.100000 9.000000 9.750000 17.278760 17.000000
2L25L 9.700000 5.500000 11.850000 7.700000 17.278760 15.707963
2L26S 5.150000 8.000000 7.600000 10.400000 17.278760 17.000000
2L26L 8.700000 6.500000 10.750000 8.600000 17.278760 17.278760
2L27S 4.050000 8.650000 6.350000 10.950000 17.278760 17.000000
2L27L 7.700000 7.350000 9.750000 9.450000 17.278760 18.849556
2L28S 3.000000 9.150000 5.200000 11.350000 17.278760 17.000000
2L28L 6.700000 8.100000 8.750000 10.150000 17.278760 20.420352
2L29S 2.000000 9.500000 4.100000 11.650000 17.278760 17.000000
2L30S 1.000000 9.750000 3.050000 11.850000 17.278760 17.000000
2L31S 0.000000 9.900000 2.050000 12.000000 17.278760 17.000000
2L30L 4.650000 9.350000 6.750000 11.400000 17.278760 23.561945
2L31L 3.600000 9.800000 5.700000 11.900000 17.278760 25.132741
2S0R 3.600000 4.000000 6.750000 7.200000 17.000000 12.566371
2S1R 0.000000 0.000000 5.300000 5.450000 17.000000 10.995574
2L29L 5.650000 8.800000 7.750000 10.850000 17.278760 21.991149
2S2L 0.000000 0.000000 4.800000 4.750000 17.000000 17.278760
2S2R 0.000000 0.000000 3.650000 3.550000 17.000000 9.424778
2S4L 4.750000 5.100000 8.700000 9.050000 17.000000 20.420352
2S5L 6.900000 7.550000 10.200000 10.900000 17.000000 21.991149
2S6L 8.650000 9.650000 11.650000 12.650000 17.000000 23.561945
2S8L 5.250000 5.300000 8.000000 8.050000 17.000000 14.137167
2S8S 8.000000 5.000000 10.000000 7.050000 17.000000 17.000000
2S7L 10.150000 11.550000 13.000000 14.350000 17.000000 25.132741
2S3L 0.000000 0.000000 6.950000 7.050000 17.000000 18.849556
2S9S 9.000000 5.000000 11.000000 7.050000 17.000000 17.000000
2S8R 10.250000 5.400000 13.400000 8.550000 17.000000 12.566371
2S9L 6.700000 5.200000 9.250000 7.800000 17.000000 15.707963
2S10S 9.950000 5.000000 12.000000 7.050000 17.000000 17.000000
2S10R 13.350000 5.900000 17.000000 9.424778 17.000000 9.424778
2S10L 8.000000 5.150000 10.400000 7.600000 17.000000 17.278760
2S11S 10.950000 5.000000 13.000000 7.050000 17.000000 17.000000
2S9R 11.700000 5.550000 17.000000 10.995574 17.000000 10.995574
2S11L 9.200000 5.150000 11.550000 7.500000 17.000000 18.849556
2S12S 11.950000 5.000000 14.000000 7.050000 17.000000 17.000000
2S13S 12.950000 5.000000 15.000000 7.050000 17.000000 17.000000
2S12L 10.350000 5.100000 12.650000 7.400000 17.000000 20.420352
2S14S 13.950000 5.000000 16.000000 7.050000 17.000000 17.000000
2S13L 11.500000 5.100000 13.750000 7.350000 17.000000 21.991149
2S15S 14.950000 5.000000 17.000000 7.050000 17.000000 17.000000
2S14L 12.600000 5.050000 14.850000 7.300000 17.000000 23.561945
2S16L 9.000000 6.100000 11.750000 8.850000 17.000000 14.137167
2S15L 13.700000 5.050000 15.950000 7.250000 17.000000 25.132741
2S17L 7.750000 7.950000 10.300000 10.500000 17.000000 15.707963
2S18L 6.600000 9.650000 9.000000 12.100000 17.000000 17.278760
2S19L 5.450000 11.350000 7.800000 13.700000 17.000000 18.849556
2S20L 4.350000 13.000000 6.650000 15.300000 17.000000 20.420352
2S21L 3.250000 14.650000 5.500000 16.900000 17.000000 21.991149
2S24S 7.000000 9.950000 9.050000 12.000000 17.000000 17.000000
2S22L 2.150000 16.250000 4.400000 18.500000 17.000000 23.561945
2S23L 1.050000 17.850000 3.300000 20.050000 17.000000 25.132741
2S25S 6.000000 9.950000 8.050000 12.000000 17.000000 17.000000
2S26S 5.000000 9.950000 7.050000 12.000000 17.000000 17.000000
2S27S 4.000000 9.950000 6.050000 12.000000 17.000000 17.000000
2S26L 12.200000 12.550000 17.000000 17.278760 17.000000 17.278760
2S28S 3.000000 9.950000 5.050000 12.000000 17.000000 17.000000
2S27L 10.050000 11.800000 17.000000 18.849556 17.000000 18.849556
2S29S 1.950000 9.950000 4.050000 12.000000 17.000000 17.000000
2S28L 8.300000 11.400000 12.250000 15.300000 17.000000 20.420352
2S30S 0.950000 9.950000 3.050000 12.000000 17.000000 17.000000
2S29L 6.800000 11.100000 10.100000 14.450000 17.000000 21.991149
2S31S 0.000000 9.950000 2.000000 12.000000 17.000000 17.000000
2S30L 5.350000 10.900000 8.350000 13.950000 17.000000 23.561945
2S31L 4.000000 10.800000 6.850000 13.600000 17.000000 25.132741
2R1R 0.250000 0.300000 9.350000 10.900000 9.424778 10.995574
2R2S 0.000000 0.000000 3.550000 3.650000 9.424778 17.000000
2R2L 0.000000 0.000000 2.900000 2.950000 9.424778 17.278760
2R3R 0.250000 0.200000 9.050000 7.550000 9.424778 7.853982
2R3S 0.000000 0.000000 5.050000 4.900000 9.424778 17.000000
2R3L 0.000000 0.000000 4.250000 4.150000 9.424778 18.849556
2R4S 3.500000 3.000000 6.300000 5.750000 9.424778 17.000000
2R4L 2.850000 2.600000 5.350000 5.100000 9.424778 20.420352
2R5S 5.000000 4.000000 7.400000 6.350000 9.424778 17.000000
2R5L 4.200000 3.600000 6.400000 5.800000 9.424778 21.991149
2R6S 6.250000 4.550000 8.450000 6.750000 9.424778 17.000000
2R7S 7.350000 4.850000 9.424778 6.950000 9.424778 17.000000
2R6L 5.300000 4.300000 7.400000 6.350000 9.424778 23.561945
2R7L 6.350000 4.750000 8.400000 6.800000 9.424778 25.132741
2R18L 6.500000 14.350000 9.424778 17.278760 9.424778 17.278760
2R19L 5.200000 14.700000 9.400000 18.849556 9.424778 18.849556
2R21L 3.050000 16.200000 5.250000 18.400000 9.424778 21.991149
2R20L 4.100000 15.350000 6.550000 17.800000 9.424778 20.420352
2R22L 2.050000 17.200000 4.150000 19.250000 9.424778 23.561945
2R23L 1.050000 18.350000 3.100000 20.400000 9.424778 25.132741
2R26S 5.900000 13.350000 9.424778 17.000000 9.424778 17.000000
2R27S 4.350000 12.100000 9.400000 17.000000 9.424778 17.000000
2R28S 3.100000 11.250000 5.950000 14.000000 9.424778 17.000000
2R29S 2.000000 10.650000 4.400000 13.000000 9.424778 17.000000
2R30S 1.000000 10.250000 3.150000 12.450000 9.424778 17.000000
2R31S 0.000000 10.050000 2.050000 12.150000 9.424778 17.000000
3L0S 7.000000 6.300000 10.100000 9.400000 18.849556 17.000000
3L0R 4.100000 4.350000 6.400000 6.650000 18.849556 12.566371
3L1S 4.900000 4.550000 8.700000 8.350000 18.849556 17.000000
3L1R 2.750000 2.950000 5.300000 5.500000 18.849556 10.995574
3L2S 0.000000 0.000000 7.050000 6.950000 18.849556 17.000000
3L2L 1.150000 1.050000 18.050000 16.550000 18.849556 17.278760
3L2R 0.000000 0.000000 4.150000 4.250000 18.849556 9.424778
3L3S 0.000000 0.000000 4.950000 5.000000 18.849556 17.000000
3L3R 0.000000 0.000000 2.800000 2.750000 18.849556 7.853982
3L4L 1.150000 1.250000 18.650000 20.200000 18.849556 20.420352
3L8L 5.250000 6.400000 7.400000 8.600000 18.849556 14.137167
3L8S 8.750000 7.600000 11.850000 10.700000 18.849556 17.000000
3L9S 10.150000 8.650000 13.950000 12.450000 18.849556 17.000000
3L9L 6.350000 7.000000 8.450000 9.100000 18.849556 15.707963
3L10S 11.800000 10.050000 18.849556 17.000000 18.849556 17.000000
3L10L 7.350000 7.700000 9.450000 9.750000 18.849556 17.278760
3L11S 13.900000 12.000000 18.849556 17.000000 18.849556 17.000000
3L11L 8.400000 8.400000 10.450000 10.450000 18.849556 18.849556
3L12L 9.400000 9.250000 11.450000 11.300000 18.849556 20.420352
3L13L 10.400000 10.150000 12.450000 12.200000 18.849556 21.991149
3L14L 11.400000 11.100000 13.500000 13.200000 18.849556 23.561945
3L16S 8.650000 6.750000 11.400000 9.450000 18.849556 17.000000
3L15L 12.400000 12.200000 14.550000 14.300000 18.849556 25.132741
3L17S 10.050000 6.000000 12.600000 8.550000 18.849556 17.000000
3L17R 13.550000 5.500000 16.100000 8.050000 18.849556 10.995574
3L18S 11.350000 5.450000 13.700000 7.800000 18.849556 17.000000
3L18R 14.700000 5.200000 18.849556 9.400000 18.849556 9.424778
3L19S 12.550000 5.000000 14.800000 7.250000 18.849556 17.000000
3L19R 16.050000 5.100000 18.849556 7.853982 18.849556 7.853982
3L16R 12.450000 5.900000 14.750000 8.200000 18.849556 12.566371
3L19L 5.950000 5.950000 12.900000 12.900000 18.849556 18.849556
3L20S 13.650000 4.600000 15.850000 6.800000 18.849556 17.000000
3L21S 14.750000 4.350000 16.850000 6.450000 18.849556 17.000000
3L20L 4.300000 5.100000 14.550000 15.300000 18.849556 20.420352
3L21L 3.000000 4.600000 15.850000 17.350000 18.849556 21.991149
3L22S 15.800000 4.150000 17.850000 6.200000 18.849556 17.000000
3L23S 16.800000 4.000000 18.849556 6.050000 18.849556 17.000000
3L22L 1.850000 4.300000 17.000000 19.250000 18.849556 23.561945
3L24L 11.450000 5.550000 13.600000 7.700000 18.849556 14.137167
3L24S 7.450000 7.550000 10.200000 10.250000 18.849556 17.000000
3L23L 0.750000 4.100000 18.100000 21.000000 18.849556 25.132741
3L25S 6.250000 8.450000 8.800000 11.000000 18.849556 17.000000
3L25L 10.400000 6.600000 12.500000 8.700000 18.849556 15.707963
3L26S 5.150000 9.200000 7.500000 11.550000 18.849556 17.000000
3L26L 9.400000 7.550000 11.500000 9.600000 18.849556 17.278760
3L27S 4.050000 9.750000 6.300000 12.000000 18.849556 17.000000
3L27L 8.400000 8.400000 10.450000 10.450000 18.849556 18.849556
3L28S 3.000000 10.200000 5.200000 12.400000 18.849556 17.000000
3L28L 7.400000 9.100000 9.450000 11.200000 18.849556 20.420352
3L29S 2.000000 10.550000 4.100000 12.650000 18.849556 17.000000
3L30S 1.000000 10.800000 3.050000 12.850000 18.849556 17.000000
3L29L 6.400000 9.800000 8.450000 11.850000 18.849556 21.991149
3L31S 0.000000 10.950000 2.050000 13.000000 18.849556 17.000000
3L30L 5.350000 10.350000 7.450000 12.450000 18.849556 23.561945
3S0R 4.850000 5.750000 7.500000 8.400000 17.000000 12.566371
3S1R 3.300000 3.750000 6.250000 6.750000 17.000000 10.995574
3L31L 4.300000 10.800000 6.450000 12.950000 18.849556 25.132741
3S2R 0.000000 0.000000 4.900000 5.050000 17.000000 9.424778
3S3R 0.000000 0.000000 3.350000 3.250000 17.000000 7.853982
3S3L 0.000000 0.000000 5.000000 4.950000 17.000000 18.849556
3S4L 0.000000 0.000000 7.250000 7.350000 17.000000 20.420352
3S5L 5.000000 5.300000 9.000000 9.350000 17.000000 21.991149
3S8S 8.000000 4.000000 10.000000 6.050000 17.000000 17.000000
3S6L 7.200000 7.800000 10.600000 11.250000 17.000000 23.561945
3S8L 6.200000 4.100000 8.700000 6.600000 17.000000 14.137167
3S7L 9.000000 9.950000 12.050000 13.050000 17.000000 25.132741
3S9S 9.000000 4.000000 11.000000 6.050000 17.000000 17.000000
3S8R 9.500000 4.150000 12.150000 6.800000 17.000000 12.566371
3S9R 10.750000 4.250000 13.700000 7.250000 17.000000 10.995574
3S10S 9.950000 4.000000 12.000000 6.050000 17.000000 17.000000
3S10L 8.650000 4.050000 10.950000 6.350000 17.000000 17.278760
3S10R 12.100000 4.350000 17.000000 9.400000 17.000000 9.424778
3S11S 10.950000 4.000000 13.000000 6.050000 17.000000 17.000000
3S11R 13.650000 4.600000 17.000000 7.853982 17.000000 7.853982
3S11L 9.750000 4.050000 12.000000 6.300000 17.000000 18.849556
3S12S 11.950000 4.000000 14.000000 6.050000 17.000000 17.000000
3S13S 12.950000 4.000000 15.000000 6.050000 17.000000 17.000000
3S12L 10.900000 4.050000 13.100000 6.250000 17.000000 20.420352
3S9L 7.450000 4.100000 9.800000 6.450000 17.000000 15.707963
3S13L 12.000000 4.050000 14.150000 6.250000 17.000000 21.991149
3S15S 14.950000 4.000000 17.000000 6.050000 17.000000 17.000000
3S14L 13.050000 4.000000 15.200000 6.200000 17.000000 23.561945
3S15L 14.100000 4.000000 16.250000 6.200000 17.000000 25.132741
3S16L 8.300000 7.550000 10.800000 10.000000 17.000000 14.137167
3S14S 13.950000 4.000000 16.000000 6.050000 17.000000 17.000000
3S17L 7.200000 9.250000 9.550000 11.600000 17.000000 15.707963
3S18L 6.050000 10.900000 8.350000 13.200000 17.000000 17.278760
3S20L 3.900000 14.150000 6.100000 16.400000 17.000000 20.420352
3S21L 2.850000 15.750000 5.000000 17.950000 17.000000 21.991149
3S22L 1.800000 17.350000 3.950000 19.550000 17.000000 23.561945
3S24S 7.000000 10.950000 9.050000 13.000000 17.000000 17.000000
3S23L 0.750000 18.950000 2.900000 21.100000 17.000000 25.132741
3S19L 5.000000 12.550000 7.250000 14.800000 17.000000 18.849556
3S25S 6.000000 10.950000 8.050000 13.000000 17.000000 17.000000
3S26S 5.000000 10.950000 7.050000 13.000000 17.000000 17.000000
3S27S 4.000000 10.950000 6.050000 13.000000 17.000000 17.000000
3S28S 3.000000 10.950000 5.050000 13.000000 17.000000 17.000000
3S27L 12.000000 13.900000 17.000000 18.849556 17.000000 18.849556
3S29S 1.950000 10.950000 4.050000 13.000000 17.000000 17.000000
3S28L 9.750000 13.100000 16.950000 20.350000 17.000000 20.420352
3S30S 0.950000 10.950000 3.050000 13.000000 17.000000 17.000000
3S29L 8.000000 12.650000 12.000000 16.700000 17.000000 21.991149
3S31S 0.000000 10.950000 2.000000 13.000000 17.000000 17.000000
3S30L 6.400000 12.300000 9.800000 15.750000 17.000000 23.561945
3S31L 4.950000 12.100000 8.000000 15.200000 17.000000 25.132741
3R2R 0.200000 0.250000 7.550000 9.050000 7.853982 9.424778
3R3S 0.000000 0.000000 3.250000 3.350000 7.853982 17.000000
3R4S 0.000000 0.000000 4.650000 4.500000 7.853982 17.000000
3R4R 0.450000 0.350000 7.800000 6.250000 7.853982 6.283185
3R3L 0.000000 0.000000 2.750000 2.800000 7.853982 18.849556
3R4L 0.000000 0.000000 4.050000 3.950000 7.853982 20.420352
3R5S 3.200000 2.600000 5.800000 5.200000 7.853982 17.000000
3R6S 4.600000 3.450000 6.850000 5.700000 7.853982 17.000000
3R5L 2.700000 2.400000 5.100000 4.750000 7.853982 21.991149
3R6L 4.000000 3.250000 6.150000 5.350000 7.853982 23.561945
3R7S 5.750000 3.850000 7.853982 5.950000 7.853982 17.000000
3R7L 5.050000 3.750000 7.150000 5.800000 7.853982 25.132741
3R19L 5.100000 16.050000 7.853982 18.849556 7.853982 18.849556
3R20L 3.800000 16.450000 7.850000 20.400000 7.853982 20.420352
3R21L 2.750000 17.250000 5.150000 19.600000 7.853982 21.991149
3R22L 1.700000 18.200000 3.850000 20.350000 7.853982 23.561945
3R23L 0.700000 19.350000 2.800000 21.400000 7.853982 25.132741
3R27S 4.600000 13.650000 7.853982 17.000000 7.853982 17.000000
3R28S 3.200000 12.500000 7.850000 17.000000 7.853982 17.000000
3R29S 2.050000 11.800000 4.650000 14.400000 7.853982 17.000000
3R30S 1.000000 11.300000 3.250000 13.550000 7.853982 17.000000
3R31S 0.000000 11.050000 2.100000 13.150000 7.853982 17.000000
4L0S 9.000000 7.900000 11.850000 10.750000 20.420352 17.000000
4L0R 5.050000 5.550000 7.150000 7.650000 20.420352 12.566371
4L1S 7.300000 6.600000 10.500000 9.800000 20.420352 17.000000
4L1R 3.900000 4.300000 6.150000 6.550000 20.420352 10.995574
4L2S 5.100000 4.750000 9.050000 8.700000 20.420352 17.000000
4L2R 2.600000 2.850000 5.100000 5.350000 20.420352 9.424778
4L3R 0.000000 0.000000 3.950000 4.050000 20.420352 7.853982
4L3S 0.000000 0.000000 7.350000 7.250000 20.420352 17.000000
4L3L 1.250000 1.150000 20.200000 18.650000 20.420352 18.849556
4L4S 0.000000 0.000000 5.150000 5.200000 20.420352 17.000000
4L4R 0.000000 0.000000 2.650000 2.600000 20.420352 6.283185
4L5L 0.600000 0.650000 19.550000 21.050000 20.420352 21.991149
4L8L 6.100000 5.400000 8.150000 7.500000 20.420352 14.137167
4L8S 8.600000 6.250000 11.450000 9.100000 20.420352 17.000000
4L9S 9.900000 7.200000 13.150000 10.400000 20.420352 17.000000
4L9L 7.100000 6.000000 9.150000 8.050000 20.420352 15.707963
4L10S 11.400000 8.300000 15.300000 12.250000 20.420352 17.000000
4L10L 8.100000 6.700000 10.150000 8.750000 20.420352 17.278760
4L11S 13.100000 9.750000 20.350000 16.950000 20.420352 17.000000
4L11L 9.100000 7.400000 11.200000 9.450000 20.420352 18.849556
4L12S 15.250000 11.800000 20.420352 17.000000 20.420352 17.000000
4L12L 10.100000 8.200000 12.200000 10.300000 20.420352 20.420352
4L13L 11.150000 9.100000 13.250000 11.200000 20.420352 21.991149
4L14L 12.150000 10.050000 14.300000 12.200000 20.420352 23.561945
4L16S 10.450000 5.500000 13.050000 8.100000 20.420352 17.000000
4L15L 13.200000 11.100000 15.350000 13.300000 20.420352 25.132741
4L16R 13.250000 4.900000 15.400000 7.050000 20.420352 12.566371
4L17S 11.800000 4.850000 14.200000 7.300000 20.420352 17.000000
4L17R 14.300000 4.450000 16.500000 6.700000 20.420352 10.995574
4L18R 15.350000 4.100000 17.800000 6.550000 20.420352 9.424778
4L18L 6.700000 5.150000 13.700000 12.100000 20.420352 17.278760
4L19S 14.150000 3.900000 16.400000 6.100000 20.420352 17.000000
4L19R 16.450000 3.800000 20.400000 7.850000 20.420352 7.853982
4L19L 5.100000 4.300000 15.300000 14.550000 20.420352 18.849556
4L20R 17.750000 3.700000 20.420352 6.283185 20.420352 6.283185
4L20S 15.250000 3.550000 17.400000 5.700000 20.420352 17.000000
4L18S 13.000000 4.350000 15.300000 6.650000 20.420352 17.000000
4L20L 3.800000 3.800000 16.650000 16.650000 20.420352 20.420352
4L21S 16.350000 3.300000 18.450000 5.400000 20.420352 17.000000
4L22S 17.350000 3.100000 19.450000 5.200000 20.420352 17.000000
4L21L 2.600000 3.450000 17.800000 18.550000 20.420352 21.991149
4L22L 1.500000 3.200000 18.900000 20.350000 20.420352 23.561945
4L23S 18.400000 3.000000 20.420352 5.050000 20.420352 17.000000
4L24S 7.350000 8.900000 9.950000 11.500000 20.420352 17.000000
4L24L 12.250000 6.650000 14.350000 8.700000 20.420352 14.137167
4L25L 11.250000 7.650000 13.300000 9.700000 20.420352 15.707963
4L25S 6.200000 9.700000 8.650000 12.150000 20.420352 17.000000
4L23L 0.450000 3.050000 19.950000 22.100000 20.420352 25.132741
4L26S 5.100000 10.350000 7.400000 12.650000 20.420352 17.000000
4L26L 10.250000 8.550000 12.300000 10.600000 20.420352 17.278760
4L27S 4.050000 10.900000 6.250000 13.100000 20.420352 17.000000
4L27L 9.250000 9.400000 11.300000 11.450000 20.420352 18.849556
4L28S 3.000000 11.300000 5.150000 13.450000 20.420352 17.000000
4L28L 8.200000 10.100000 10.300000 12.200000 20.420352 20.420352
4L29S 2.000000 11.600000 4.100000 13.700000 20.420352 17.000000
4L30S 1.000000 11.800000 3.050000 13.900000 20.420352 17.000000
4L29L 7.200000 10.800000 9.300000 12.900000 20.420352 21.991149
4L31S 0.000000 11.950000 2.050000 14.000000 20.420352 17.000000
4L30L 6.150000 11.350000 8.250000 13.500000 20.420352 23.561945
4S0R 5.700000 7.150000 8.100000 9.500000 17.000000 12.566371
4S1R 4.450000 5.400000 6.950000 7.900000 17.000000 10.995574
4L31L 5.100000 11.850000 7.250000 14.000000 20.420352 25.132741
4S3R 0.000000 0.000000 4.500000 4.650000 17.000000 7.853982
4S2R 3.000000 3.500000 5.750000 6.300000 17.000000 9.424778
4S4R 0.000000 0.000000 3.000000 2.900000 17.000000 6.283185
4S4L 0.000000 0.000000 5.200000 5.150000 17.000000 20.420352
4S5L 0.000000 0.000000 7.500000 7.600000 17.000000 21.991149
4S8S 8.000000 3.000000 10.000000 5.050000 17.000000 17.000000
4S6L 5.150000 5.500000 9.350000 9.700000 17.000000 23.561945
4S8L 6.900000 3.050000 9.200000 5.350000 17.000000 14.137167
4S7L 7.450000 8.050000 11.000000 11.600000 17.000000 25.132741
4S8R 8.900000 3.050000 11.300000 5.450000 17.000000 12.566371
4S9S 9.000000 3.000000 11.000000 5.050000 17.000000 17.000000
4S9L 8.050000 3.000000 10.250000 5.250000 17.000000 15.707963
4S10S 9.950000 3.000000 12.000000 5.050000 17.000000 17.000000
4S9R 10.050000 3.100000 12.550000 5.600000 17.000000 10.995574
4S10R 11.250000 3.100000 14.000000 5.950000 17.000000 9.424778
4S11S 10.950000 3.000000 13.000000 5.050000 17.000000 17.000000
4S10L 9.150000 3.000000 11.350000 5.200000 17.000000 17.278760
4S12S 11.950000 3.000000 14.000000 5.050000 17.000000 17.000000
4S11R 12.500000 3.200000 17.000000 7.850000 17.000000 7.853982
4S11L 10.200000 3.000000 12.400000 5.200000 17.000000 18.849556
4S12R 14.000000 3.350000 17.000000 6.283185 17.000000 6.283185
4S13S 12.950000 3.000000 15.000000 5.050000 17.000000 17.000000
4S12L 11.300000 3.000000 13.450000 5.150000 17.000000 20.420352
4S14S 13.950000 3.000000 16.000000 5.050000 17.000000 17.000000
4S13L 12.350000 3.000000 14.500000 5.150000 17.000000 21.991149
4S15S 14.950000 3.000000 17.000000 5.050000 17.000000 17.000000
4S14L 13.400000 3.000000 15.500000 5.100000 17.000000 23.561945
4S15L 14.450000 3.000000 16.550000 5.100000 17.000000 25.132741
4S16L 7.800000 8.800000 10.100000 11.100000 17.000000 14.137167
4S17L 6.750000 10.450000 8.950000 12.700000 17.000000 15.707963
4S18L 5.650000 12.050000 7.850000 14.250000 17.000000 17.278760
4S19L 4.600000 13.650000 6.800000 15.850000 17.000000 18.849556
4S20L 3.550000 15.250000 5.700000 17.400000 17.000000 20.420352
4S21L 2.500000 16.850000 4.650000 19.000000 17.000000 21.991149
4S22L 1.500000 18.450000 3.600000 20.550000 17.000000 23.561945
4S24S 7.000000 11.950000 9.050000 14.000000 17.000000 17.000000
4S23L 0.450000 20.000000 2.550000 22.150000 17.000000 25.132741
4S25S 6.000000 11.950000 8.050000 14.000000 17.000000 17.000000
4S26S 5.000000 11.950000 7.050000 14.000000 17.000000 17.000000
4S27S 4.000000 11.950000 6.050000 14.000000 17.000000 17.000000
4S28S 3.000000 11.950000 5.050000 14.000000 17.000000 17.000000
4S29S 1.950000 11.950000 4.050000 14.000000 17.000000 17.000000
4S28L 11.800000 15.250000 17.000000 20.420352 17.000000 20.420352
4S30S 0.950000 11.950000 3.050000 14.000000 17.000000 17.000000
4S31S 0.000000 11.950000 2.000000 14.000000 17.000000 17.000000
4S29L 9.500000 14.400000 17.000000 21.991149 17.000000 21.991149
4S30L 7.650000 13.900000 11.850000 18.100000 17.000000 23.561945
4S31L 6.000000 13.550000 9.550000 17.050000 17.000000 25.132741
4R3R 0.350000 0.450000 6.250000 7.800000 6.283185 7.853982
4R4L 0.000000 0.000000 2.600000 2.650000 6.283185 20.420352
4R4S 0.000000 0.000000 2.900000 3.000000 6.283185 17.000000
4R5R 0.350000 0.250000 5.850000 4.400000 6.283185 4.712389
4R5S 0.000000 0.000000 4.200000 4.000000 6.283185 17.000000
4R5L 0.000000 0.000000 3.800000 3.650000 6.283185 21.991149
4R6S 2.850000 2.200000 5.300000 4.600000 6.283185 17.000000
4R7S 4.150000 2.800000 6.283185 4.900000 6.283185 17.000000
4R6L 2.550000 2.100000 4.850000 4.350000 6.283185 23.561945
4R7L 3.750000 2.700000 5.850000 4.800000 6.283185 25.132741
4R20L 3.700000 17.750000 6.283185 20.420352 6.283185 20.420352
4R21L 2.500000 18.350000 6.283185 21.991149 6.283185 21.991149
4R22L 1.450000 19.200000 3.750000 21.500000 6.283185 23.561945
4R23L 0.450000 20.350000 2.550000 22.400000 6.283185 25.132741
4R28S 3.350000 14.000000 6.283185 17.000000 6.283185 17.000000
4R29S 2.050000 13.000000 6.250000 17.000000 6.283185 17.000000
4R30S 1.000000 12.400000 3.400000 14.800000 6.283185 17.000000
4R31S 0.000000 12.100000 2.100000 14.200000 6.283185 17.000000
5L0S 10.850000 9.350000 13.500000 12.000000 21.991149 17.000000
5L0R 5.750000 6.600000 7.850000 8.650000 21.991149 12.566371
5L1S 9.300000 8.300000 12.250000 11.200000 21.991149 17.000000
5L1R 4.700000 5.450000 6.800000 7.550000 21.991149 10.995574
5L2S 7.550000 6.900000 10.900000 10.200000 21.991149 17.000000
5L3R 2.400000 2.700000 4.750000 5.100000 21.991149 7.853982
5L3S 5.300000 5.000000 9.350000 9.000000 21.991149 17.000000
5L4R 0.000000 0.000000 3.650000 3.800000 21.991149 6.283185
5L4S 0.000000 0.000000 7.600000 7.500000 21.991149 17.000000
5L5R 0.000000 0.000000 2.450000 2.350000 21.991149 4.712389
5L5S 0.000000 0.000000 5.350000 5.400000 21.991149 17.000000
5L4L 0.650000 0.600000 21.050000 19.550000 21.991149 20.420352
5L6L 0.650000 0.700000 21.750000 23.300000 21.991149 23.561945
5L2R 3.600000 4.200000 5.800000 6.400000 21.991149 9.424778
5L8S 8.500000 5.000000 11.150000 7.650000 21.991149 17.000000
5L8L 6.750000 4.400000 8.850000 6.450000 21.991149 14.137167
5L9S 9.750000 5.800000 12.700000 8.700000 21.991149 17.000000
5L10S 11.100000 6.800000 14.450000 10.100000 21.991149 17.000000
5L10L 8.800000 5.650000 10.850000 7.750000 21.991149 17.278760
5L9L 7.800000 5.000000 9.850000 7.050000 21.991149 15.707963
5L11S 12.650000 8.000000 16.700000 12.000000 21.991149 17.000000
5L11L 9.800000 6.400000 11.850000 8.450000 21.991149 18.849556
5L12S 14.400000 9.500000 21.991149 17.000000 21.991149 17.000000
5L12L 10.800000 7.200000 12.900000 9.300000 21.991149 20.420352
5L13S 16.650000 11.600000 21.991149 17.000000 21.991149 17.000000
5L13L 11.800000 8.050000 13.950000 10.200000 21.991149 21.991149
5L14L 12.850000 9.000000 15.000000 11.150000 21.991149 23.561945
5L15L 13.900000 10.050000 16.050000 12.250000 21.991149 25.132741
5L16S 12.200000 4.300000 14.700000 6.800000 21.991149 17.000000
5L16R 14.150000 3.900000 16.250000 5.950000 21.991149 12.566371
5L17S 13.450000 3.700000 15.800000 6.050000 21.991149 17.000000
5L17R 15.150000 3.450000 17.300000 5.550000 21.991149 10.995574
5L17L 7.550000 4.400000 14.450000 11.300000 21.991149 15.707963
5L18L 5.950000 3.550000 16.050000 13.700000 21.991149 17.278760
5L18S 14.650000 3.250000 16.900000 5.500000 21.991149 17.000000
5L18R 16.200000 3.050000 18.400000 5.250000 21.991149 9.424778
5L19R 17.250000 2.750000 19.600000 5.150000 21.991149 7.853982
5L19S 15.750000 2.850000 17.950000 5.000000 21.991149 17.000000
5L19L 4.600000 3.000000 17.350000 15.850000 21.991149 18.849556
5L20R 18.350000 2.500000 21.991149 6.283185 21.991149 6.283185
5L20S 16.850000 2.500000 19.000000 4.650000 21.991149 17.000000
5L21R 19.550000 2.350000 21.991149 4.712389 21.991149 4.712389
5L20L 3.450000 2.600000 18.550000 17.800000 21.991149 20.420352
5L21S 17.900000 2.300000 20.000000 4.400000 21.991149 17.000000
5L22S 18.950000 2.100000 21.000000 4.200000 21.991149 17.000000
5L21L 2.350000 2.350000 19.650000 19.650000 21.991149 21.991149
5L23S 19.950000 2.000000 21.991149 4.050000 21.991149 17.000000
5L22L 1.250000 2.150000 20.700000 21.400000 21.991149 23.561945
5L24L 13.150000 7.650000 15.200000 9.700000 21.991149 14.137167
5L24S 7.300000 10.200000 9.800000 12.700000 21.991149 17.000000
5L25S 6.200000 10.950000 8.550000 13.300000 21.991149 17.000000
5L25L 12.150000 8.650000 14.200000 10.700000 21.991149 15.707963
5L26S 5.100000 11.500000 7.350000 13.750000 21.991149 17.000000
5L26L 11.150000 9.550000 13.200000 11.600000 21.991149 17.278760
5L27S 4.050000 12.000000 6.250000 14.150000 21.991149 17.000000
5L23L 0.250000 2.000000 21.750000 23.100000 21.991149 25.132741
5L27L 10.150000 10.400000 12.200000 12.450000 21.991149 18.849556
5L28S 3.000000 12.350000 5.150000 14.500000 21.991149 17.000000
5L28L 9.100000 11.150000 11.200000 13.250000 21.991149 20.420352
5L29S 2.000000 12.600000 4.100000 14.700000 21.991149 17.000000
5L29L 8.050000 11.800000 10.200000 13.950000 21.991149 21.991149
5L30S 1.000000 12.800000 3.050000 14.900000 21.991149 17.000000
5L31S 0.000000 12.950000 2.050000 15.000000 21.991149 17.000000
5L30L 7.000000 12.400000 9.150000 14.550000 21.991149 23.561945
5S0R 6.300000 8.350000 8.500000 10.550000 17.000000 12.566371
5S1R 5.150000 6.700000 7.450000 9.000000 17.000000 10.995574
5L31L 5.900000 12.900000 8.100000 15.100000 21.991149 25.132741
5S2R 4.000000 5.000000 6.350000 7.400000 17.000000 9.424778
5S3R 2.600000 3.200000 5.200000 5.800000 17.000000 7.853982
5S4R 0.000000 0.000000 4.000000 4.200000 17.000000 6.283185
5S5R 0.000000 0.000000 2.650000 2.550000 17.000000 4.712389
5S5L 0.000000 0.000000 5.400000 5.350000 17.000000 21.991149
5S6L 0.000000 0.000000 7.750000 7.850000 17.000000 23.561945
5S8S 8.000000 2.000000 10.000000 4.050000 17.000000 17.000000
5S8L 7.400000 2.000000 9.550000 4.150000 17.000000 14.137167
5S7L 5.350000 5.650000 9.650000 10.000000 17.000000 25.132741
5S9S 9.000000 2.000000 11.000000 4.050000 17.000000 17.000000
5S8R 8.500000 2.000000 10.700000 4.200000 17.000000 12.566371
5S9L 8.450000 2.000000 10.600000 4.150000 17.000000 15.707963
5S9R 9.550000 2.000000 11.850000 4.300000 17.000000 10.995574
5S10S 9.950000 2.000000 12.000000 4.050000 17.000000 17.000000
5S11S 10.950000 2.000000 13.000000 4.050000 17.000000 17.000000
5S10L 9.500000 2.000000 11.650000 4.100000 17.000000 17.278760
5S10R 10.650000 2.000000 13.000000 4.400000 17.000000 9.424778
5S12S 11.950000 2.000000 14.000000 4.050000 17.000000 17.000000
5S11R 11.800000 2.050000 14.400000 4.650000 17.000000 7.853982
5S11L 10.550000 2.000000 12.650000 4.100000 17.000000 18.849556
5S12R 13.000000 2.050000 17.000000 6.250000 17.000000 6.283185
5S13S 12.950000 2.000000 15.000000 4.050000 17.000000 17.000000
5S12L 11.600000 2.000000 13.700000 4.100000 17.000000 20.420352
5S13R 14.350000 2.150000 17.000000 4.712389 17.000000 4.712389
5S14S 13.950000 2.000000 16.000000 4.050000 17.000000 17.000000
5S13L 12.600000 2.000000 14.700000 4.100000 17.000000 21.991149
5S15S 14.950000 2.000000 17.000000 4.050000 17.000000 17.000000
5S14L 13.650000 2.000000 15.750000 4.050000 17.000000 23.561945
5S16L 7.450000 9.950000 9.600000 12.150000 17.000000 14.137167
5S15L 14.650000 2.000000 16.750000 4.050000 17.000000 25.132741
5S17L 6.400000 11.550000 8.550000 13.700000 17.000000 15.707963
5S18L 5.350000 13.150000 7.500000 15.300000 17.000000 17.278760
5S19L 4.350000 14.750000 6.450000 16.850000 17.000000 18.849556
5S20L 3.300000 16.350000 5.400000 18.450000 17.000000 20.420352
5S21L 2.300000 17.900000 4.400000 20.000000 17.000000 21.991149
5S24S 7.000000 12.950000 9.050000 15.000000 17.000000 17.000000
5S22L 1.250000 19.500000 3.350000 21.600000 17.000000 23.561945
5S23L 0.250000 21.050000 2.350000 23.150000 17.000000 25.132741
5S25S 6.000000 12.950000 8.050000 15.000000 17.000000 17.000000
5S26S 5.000000 12.950000 7.050000 15.000000 17.000000 17.000000
5S27S 4.000000 12.950000 6.050000 15.000000 17.000000 17.000000
5S28S 3.000000 12.950000 5.050000 15.000000 17.000000 17.000000
5S29S 1.950000 12.950000 4.050000 15.000000 17.000000 17.000000
5S30S 0.950000 12.950000 3.050000 15.000000 17.000000 17.000000
5S29L 11.600000 16.650000 17.000000 21.991149 17.000000 21.991149
5S31S 0.000000 12.950000 2.000000 15.000000 17.000000 17.000000
5S30L 9.250000 15.700000 17.000000 23.550000 17.000000 23.561945
5S31L 7.350000 15.150000 11.650000 19.450000 17.000000 25.132741
5R4R 0.250000 0.350000 4.400000 5.850000 4.712389 6.283185
5R5S 0.000000 0.000000 2.550000 2.650000 4.712389 17.000000
5R5L 0.000000 0.000000 2.350000 2.450000 4.712389 21.991149
5R6R 0.100000 0.050000 4.700000 3.141593 4.712389 3.141593
5R6S 0.000000 0.000000 3.700000 3.500000 4.712389 17.000000
5R6L 0.000000 0.000000 3.450000 3.300000 4.712389 23.561945
5R7S 2.500000 1.700000 4.712389 3.900000 4.712389 17.000000
5R7L 2.300000 1.650000 4.450000 3.800000 4.712389 25.132741
5R21L 2.350000 19.550000 4.712389 21.991149 4.712389 21.991149
5R22L 1.250000 20.300000 4.712389 23.561945 4.712389 23.561945
5R23L 0.250000 21.350000 2.400000 23.500000 4.712389 25.132741
5R29S 2.150000 14.350000 4.712389 17.000000 4.712389 17.000000
5R30S 1.000000 13.500000 4.700000 17.000000 4.712389 17.000000
5R31S 0.000000 13.100000 2.200000 15.300000 4.712389 17.000000
6L0S 12.600000 10.700000 15.150000 13.250000 23.561945 17.000000
6L0R 6.300000 7.600000 8.350000 9.650000 23.561945 12.566371
6L1R 5.300000 6.500000 7.350000 8.550000 23.561945 10.995574
6L2S 9.650000 8.650000 12.650000 11.650000 23.561945 17.000000
6L1S 11.200000 9.750000 13.950000 12.500000 23.561945 17.000000
6L2R 4.300000 5.300000 6.350000 7.400000 23.561945 9.424778
6L3S 7.800000 7.200000 11.250000 10.600000 23.561945 17.000000
6L3R 3.250000 4.000000 5.350000 6.150000 23.561945 7.853982
6L4R 2.100000 2.550000 4.350000 4.850000 23.561945 6.283185
6L4S 5.500000 5.150000 9.700000 9.350000 23.561945 17.000000
6L5R 0.000000 0.000000 3.300000 3.450000 23.561945 4.712389
6L5S 0.000000 0.000000 7.850000 7.750000 23.561945 17.000000
6L6R 0.000000 0.000000 2.150000 2.000000 23.561945 3.141593
6L6S 0.000000 0.000000 5.550000 5.600000 23.561945 17.000000
6L5L 0.700000 0.650000 23.300000 21.750000 23.561945 21.991149
6L8S 8.400000 3.750000 10.950000 6.300000 23.561945 17.000000
6L8L 7.300000 3.400000 9.400000 5.450000 23.561945 14.137167
6L7L 1.450000 1.550000 22.550000 24.050000 23.561945 25.132741
6L9S 9.650000 4.500000 12.350000 7.250000 23.561945 17.000000
6L9L 8.350000 4.000000 10.400000 6.050000 23.561945 15.707963
6L10S 10.900000 5.350000 13.950000 8.350000 23.561945 17.000000
6L11S 12.300000 6.400000 15.750000 9.800000 23.561945 17.000000
6L11L 10.350000 5.350000 12.450000 7.450000 23.561945 18.849556
6L12S 13.900000 7.650000 18.100000 11.850000 23.561945 17.000000
6L12L 11.350000 6.150000 13.500000 8.250000 23.561945 20.420352
6L13S 15.700000 9.250000 23.550000 17.000000 23.561945 17.000000
6L10L 9.350000 4.650000 11.400000 6.750000 23.561945 17.278760
6L13L 12.400000 7.000000 14.550000 9.150000 23.561945 21.991149
6L14S 18.050000 11.400000 23.561945 17.000000 23.561945 17.000000
6L14L 13.450000 7.950000 15.650000 10.100000 23.561945 23.561945
6L16S 13.900000 3.100000 16.300000 5.550000 23.561945 17.000000
6L16L 8.350000 3.700000 15.200000 10.450000 23.561945 14.137167
6L16R 15.200000 2.900000 17.250000 4.950000 23.561945 12.566371
6L15L 14.500000 8.950000 16.750000 11.150000 23.561945 25.132741
6L17S 15.100000 2.600000 17.400000 4.900000 23.561945 17.000000
6L17R 16.200000 2.450000 18.250000 4.500000 23.561945 10.995574
6L17L 6.800000 2.850000 16.800000 12.900000 23.561945 15.707963
6L18L 5.500000 2.250000 18.100000 15.000000 23.561945 17.278760
6L18S 16.250000 2.150000 18.500000 4.400000 23.561945 17.000000
6L18R 17.200000 2.050000 19.250000 4.150000 23.561945 9.424778
6L19R 18.200000 1.700000 20.350000 3.850000 23.561945 7.853982
6L19S 17.350000 1.800000 19.550000 3.950000 23.561945 17.000000
6L19L 4.300000 1.850000 19.250000 17.000000 23.561945 18.849556
6L20R 19.200000 1.450000 21.500000 3.750000 23.561945 6.283185
6L20S 18.450000 1.500000 20.550000 3.600000 23.561945 17.000000
6L21R 20.300000 1.250000 23.561945 4.712389 23.561945 4.712389
6L20L 3.200000 1.500000 20.350000 18.900000 23.561945 20.420352
6L21S 19.500000 1.250000 21.600000 3.350000 23.561945 17.000000
6L22R 21.450000 1.150000 23.561945 3.141593 23.561945 3.141593
6L22S 20.500000 1.100000 22.600000 3.150000 23.561945 17.000000
6L21L 2.150000 1.250000 21.400000 20.700000 23.561945 21.991149
6L23S 21.550000 1.000000 23.561945 3.050000 23.561945 17.000000
6L22L 1.100000 1.100000 22.450000 22.450000 23.561945 23.561945
6L24L 14.200000 8.650000 16.250000 10.750000 23.561945 14.137167
6L24S 7.250000 11.450000 9.700000 13.900000 23.561945 17.000000
6L23L 0.100000 1.000000 23.450000 24.100000 23.561945 25.132741
6L25S 6.150000 12.100000 8.450000 14.400000 23.561945 17.000000
6L25L 13.150000 9.650000 15.250000 11.700000 23.561945 15.707963
6L26S 5.050000 12.600000 7.300000 14.850000 23.561945 17.000000
6L26L 12.150000 10.550000 14.250000 12.650000 23.561945 17.278760
6L27S 4.000000 13.050000 6.200000 15.200000 23.561945 17.000000
6L27L 11.100000 11.400000 13.200000 13.500000 23.561945 18.849556
6L28S 3.000000 13.400000 5.100000 15.500000 23.561945 17.000000
6L29S 2.000000 13.650000 4.050000 15.750000 23.561945 17.000000
6L30S 1.000000 13.850000 3.050000 15.900000 23.561945 17.000000
6L29L 9.000000 12.850000 11.150000 15.000000 23.561945 21.991149
6L30L 7.950000 13.450000 10.100000 15.650000 23.561945 23.561945
6L31S 0.000000 13.950000 2.050000 16.000000 23.561945 17.000000
6S0R 6.700000 9.450000 8.800000 11.600000 17.000000 12.566371
6L28L 10.050000 12.150000 12.200000 14.300000 23.561945 20.420352
6S1R 5.650000 7.850000 7.750000 10.000000 17.000000 10.995574
6L31L 6.850000 13.950000 9.050000 16.200000 23.561945 25.132741
6S2R 4.550000 6.250000 6.750000 8.450000 17.000000 9.424778
6S3R 3.450000 4.600000 5.700000 6.850000 17.000000 7.853982
6S4R 2.200000 2.850000 4.600000 5.300000 17.000000 6.283185
6S5R 0.000000 0.000000 3.500000 3.700000 17.000000 4.712389
6S6R 0.000000 0.000000 2.250000 2.100000 17.000000 3.141593
6S8S 8.000000 1.000000 10.000000 3.050000 17.000000 17.000000
6S6L 0.000000 0.000000 5.600000 5.550000 17.000000 23.561945
6S8L 7.700000 1.000000 9.800000 3.100000 17.000000 14.137167
6S7L 0.000000 0.000000 8.000000 8.100000 17.000000 25.132741
6S9S 9.000000 1.000000 11.000000 3.050000 17.000000 17.000000
6S8R 8.200000 1.000000 10.300000 3.100000 17.000000 12.566371
6S9R 9.250000 1.000000 11.350000 3.150000 17.000000 10.995574
6S9L 8.750000 1.000000 10.850000 3.050000 17.000000 15.707963
6S10S 9.950000 1.000000 12.000000 3.050000 17.000000 17.000000
6S10R 10.250000 1.000000 12.450000 3.150000 17.000000 9.424778
6S10L 9.750000 1.000000 11.850000 3.050000 17.000000 17.278760
6S11S 10.950000 1.000000 13.000000 3.050000 17.000000 17.000000
6S11R 11.300000 1.000000 13.550000 3.250000 17.000000 7.853982
6S11L 10.800000 1.000000 12.850000 3.050000 17.000000 18.849556
6S12S 11.950000 1.000000 14.000000 3.050000 17.000000 17.000000
6S12R 12.400000 1.000000 14.800000 3.400000 17.000000 6.283185
6S13S 12.950000 1.000000 15.000000 3.050000 17.000000 17.000000
6S13R 13.500000 1.000000 17.000000 4.700000 17.000000 4.712389
6S12L 11.800000 1.000000 13.900000 3.050000 17.000000 20.420352
6S14R 14.750000 1.000000 17.000000 3.141593 17.000000 3.141593
6S14S 13.950000 1.000000 16.000000 3.050000 17.000000 17.000000
6S13L 12.800000 1.000000 14.900000 3.050000 17.000000 21.991149
6S15S 14.950000 1.000000 17.000000 3.050000 17.000000 17.000000
6S14L 13.850000 1.000000 15.900000 3.050000 17.000000 23.561945
6S16L 7.200000 11.050000 9.300000 13.150000 17.000000 14.137167
6S17L 6.150000 12.650000 8.250000 14.750000 17.000000 15.707963
6S15L 14.850000 1.000000 16.900000 3.050000 17.000000 25.132741
6S19L 4.150000 15.800000 6.200000 17.850000 17.000000 18.849556
6S18L 5.150000 14.200000 7.250000 16.300000 17.000000 17.278760
6S20L 3.100000 17.350000 5.200000 19.450000 17.000000 20.420352
6S21L 2.100000 18.950000 4.200000 21.000000 17.000000 21.991149
6S24S 7.000000 13.950000 9.050000 16.000000 17.000000 17.000000
6S23L 0.100000 22.100000 2.150000 24.150000 17.000000 25.132741
6S25S 6.000000 13.950000 8.050000 16.000000 17.000000 17.000000
6S26S 5.000000 13.950000 7.050000 16.000000 17.000000 17.000000
6S22L 1.100000 20.500000 3.150000 22.600000 17.000000 23.561945
6S27S 4.000000 13.950000 6.050000 16.000000 17.000000 17.000000
6S28S 3.000000 13.950000 5.050000 16.000000 17.000000 17.000000
6S29S 1.950000 13.950000 4.050000 16.000000 17.000000 17.000000
6S30S 0.950000 13.950000 3.050000 16.000000 17.000000 17.000000
6S31S 0.000000 13.950000 2.000000 16.000000 17.000000 17.000000
6S30L 11.400000 18.050000 17.000000 23.561945 17.000000 23.561945
6S31L 9.000000 17.000000 16.950000 25.100000 17.000000 25.132741
6R5R 0.050000 0.100000 3.141593 4.700000 3.141593 4.712389
6R6S 0.000000 0.000000 2.100000 2.250000 3.141593 17.000000
6R7R 0.050000 0.000000 3.141593 1.570796 3.141593 1.570796
6R6L 0.000000 0.000000 2.000000 2.150000 3.141593 23.561945
6R7L 0.000000 0.000000 3.050000 2.750000 3.141593 25.132741
6R7S 0.000000 0.000000 3.141593 2.850000 3.141593 17.000000
6R23L 0.100000 22.350000 3.141593 25.132741 3.141593 25.132741
6R22L 1.150000 21.450000 3.141593 23.561945 3.141593 23.561945
6R30S 1.000000 14.750000 3.141593 17.000000 3.141593 17.000000
6R31S 0.000000 14.150000 3.141593 17.000000 3.141593 17.000000
7L0S 14.300000 12.000000 16.800000 14.450000 25.132741 17.000000
7L0R 6.750000 8.600000 8.800000 10.700000 25.132741 12.566371
7L1S 13.000000 11.150000 15.600000 13.750000 25.132741 17.000000
7L1R 5.750000 7.500000 7.800000 9.550000 25.132741 10.995574
7L2S 11.550000 10.150000 14.350000 13.000000 25.132741 17.000000
7L2R 4.750000 6.350000 6.800000 8.400000 25.132741 9.424778
7L3R 3.750000 5.050000 5.800000 7.150000 25.132741 7.853982
7L3S 9.950000 9.000000 13.050000 12.050000 25.132741 17.000000
7L4S 8.050000 7.450000 11.600000 11.000000 25.132741 17.000000
7L4R 2.700000 3.750000 4.800000 5.850000 25.132741 6.283185
7L5R 1.650000 2.300000 3.800000 4.450000 25.132741 4.712389
7L5S 5.650000 5.350000 10.000000 9.650000 25.132741 17.000000
7L6R 0.000000 0.000000 2.750000 3.050000 25.132741 3.141593
7L6S 0.000000 0.000000 8.100000 8.000000 25.132741 17.000000
7L7R 0.000000 0.000000 1.700000 1.550000 25.132741 1.570796
7L6L 1.550000 1.450000 24.050000 22.550000 25.132741 23.561945
7L7S 0.000000 0.000000 5.700000 5.750000 25.132741 17.000000
7L8L 7.750000 2.400000 9.850000 4.450000 25.132741 14.137167
7L8S 8.350000 2.550000 10.850000 5.000000 25.132741 17.000000
7L8R 9.250000 3.000000 15.900000 9.600000 25.132741 12.566371
7L9L 8.750000 2.950000 10.850000 5.050000 25.132741 15.707963
7L10L 9.800000 3.600000 11.900000 5.700000 25.132741 17.278760
7L10S 10.800000 4.000000 13.600000 6.850000 25.132741 17.000000
7L9S 9.550000 3.250000 12.150000 5.850000 25.132741 17.000000
7L11S 12.100000 4.950000 15.200000 8.000000 25.132741 17.000000
7L12S 13.550000 6.000000 17.050000 9.550000 25.132741 17.000000
7L11L 10.800000 4.300000 12.950000 6.450000 25.132741 18.849556
7L12L 11.850000 5.100000 14.000000 7.250000 25.132741 20.420352
7L13S 15.150000 7.350000 19.450000 11.650000 25.132741 17.000000
7L14S 17.000000 9.000000 25.100000 16.950000 25.132741 17.000000
7L13L 12.900000 5.900000 15.100000 8.100000 25.132741 21.991149
7L14L 13.950000 6.850000 16.200000 9.050000 25.132741 23.561945
7L16S 15.550000 2.000000 17.900000 4.350000 25.132741 17.000000
7L15L 15.050000 7.800000 17.300000 10.100000 25.132741 25.132741
7L16L 7.650000 2.150000 17.450000 12.000000 25.132741 14.137167
7L15S 19.400000 11.250000 25.132741 17.000000 25.132741 17.000000
7L16R 16.300000 1.900000 18.400000 3.950000 25.132741 12.566371
7L17S 16.750000 1.500000 19.000000 3.750000 25.132741 17.000000
7L17L 6.400000 1.550000 18.750000 14.150000 25.132741 15.707963
7L18S 17.850000 1.050000 20.050000 3.300000 25.132741 17.000000
7L18R 18.350000 1.050000 20.400000 3.100000 25.132741 9.424778
7L18L 5.200000 1.100000 19.900000 16.200000 25.132741 17.278760
7L17R 17.350000 1.450000 19.400000 3.500000 25.132741 10.995574
7L19R 19.350000 0.700000 21.400000 2.800000 25.132741 7.853982
7L19S 18.950000 0.750000 21.100000 2.900000 25.132741 17.000000
7L19L 4.100000 0.750000 21.000000 18.100000 25.132741 18.849556
7L20R 20.350000 0.450000 22.400000 2.550000 25.132741 6.283185
7L20S 20.000000 0.450000 22.150000 2.550000 25.132741 17.000000
7L21R 21.350000 0.250000 23.500000 2.400000 25.132741 4.712389
7L20L 3.050000 0.450000 22.100000 19.950000 25.132741 20.420352
7L21S 21.050000 0.250000 23.150000 2.350000 25.132741 17.000000
7L22R 22.350000 0.100000 25.132741 3.141593 25.132741 3.141593
7L22S 22.100000 0.100000 24.150000 2.150000 25.132741 17.000000
7L21L 2.000000 0.250000 23.100000 21.750000 25.132741 21.991149
7L23R 23.450000 0.000000 25.132741 1.570796 25.132741 1.570796
7L23S 23.100000 0.000000 25.132741 2.050000 25.132741 17.000000
7L22L 1.000000 0.100000 24.100000 23.450000 25.132741 23.561945
7L24S 7.200000 12.650000 9.600000 15.000000 25.132741 17.000000
7L23L 0.000000 0.000000 25.132741 25.132741 25.132741 25.132741
7L24L 15.300000 9.650000 17.400000 11.750000 25.132741 14.137167
7L25S 6.150000 13.250000 8.400000 15.500000 25.132741 17.000000
7L25L 14.250000 10.650000 16.350000 12.750000 25.132741 15.707963
7L26S 5.050000 13.700000 7.250000 15.950000 25.132741 17.000000
7L27L 12.200000 12.400000 14.300000 14.550000 25.132741 18.849556
7L27S 4.000000 14.100000 6.200000 16.250000 25.132741 17.000000
7L26L 13.250000 11.550000 15.350000 13.700000 25.132741 17.278760
7L28S 3.000000 14.450000 5.100000 16.550000 25.132741 17.000000
7L29S 2.000000 14.650000 4.050000 16.750000 25.132741 17.000000
7L28L 11.100000 13.200000 13.300000 15.350000 25.132741 20.420352
7L30S 1.000000 14.850000 3.050000 16.900000 25.132741 17.000000
7L31S 0.000000 14.950000 2.050000 17.000000 25.132741 17.000000
7L29L 10.050000 13.900000 12.250000 16.050000 25.132741 21.991149
7S0R 6.900000 10.500000 8.950000 12.566371 17.000000 12.566371
7L31L 7.800000 15.050000 10.100000 17.300000 25.132741 25.132741
7S1R 5.900000 8.950000 7.950000 10.995574 17.000000 10.995574
7S2R 4.850000 7.350000 6.950000 9.424778 17.000000 9.424778
7S3R 3.850000 5.750000 5.950000 7.853982 17.000000 7.853982
7S4R 2.800000 4.150000 4.900000 6.283185 17.000000 6.283185
7S5R 1.700000 2.500000 3.900000 4.712389 17.000000 4.712389
7S6R 0.000000 0.000000 2.850000 3.141593 17.000000 3.141593
7L30L 8.950000 14.500000 11.150000 16.750000 25.132741 23.561945
7S7R 0.000000 0.000000 1.750000 1.570796 17.000000 1.570796
7S8S 8.000000 0.000000 10.000000 2.000000 17.000000 17.000000
7S8L 7.900000 0.000000 9.950000 2.050000 17.000000 14.137167
7S7L 0.000000 0.000000 5.750000 5.700000 17.000000 25.132741
7S9S 9.000000 0.000000 11.000000 2.000000 17.000000 17.000000
7S8R 8.050000 0.000000 10.100000 2.050000 17.000000 12.566371
7S9L 8.900000 0.000000 11.000000 2.050000 17.000000 15.707963
7S10S 9.950000 0.000000 12.000000 2.000000 17.000000 17.000000
7S9R 9.050000 0.000000 11.100000 2.050000 17.000000 10.995574
7S10R 10.050000 0.000000 12.150000 2.050000 17.000000 9.424778
7S11S 10.950000 0.000000 13.000000 2.000000 17.000000 17.000000
7S11R 11.050000 0.000000 13.150000 2.100000 17.000000 7.853982
7S11L 10.950000 0.000000 13.000000 2.050000 17.000000 18.849556
7S10L 9.900000 0.000000 12.000000 2.050000 17.000000 17.278760
7S12S 11.950000 0.000000 14.000000 2.000000 17.000000 17.000000
7S12R 12.100000 0.000000 14.200000 2.100000 17.000000 6.283185
7S12L 11.950000 0.000000 14.000000 2.050000 17.000000 20.420352
7S13S 12.950000 0.000000 15.000000 2.000000 17.000000 17.000000
7S13R 13.100000 0.000000 15.300000 2.200000 17.000000 4.712389
7S14R 14.150000 0.000000 17.000000 3.141593 17.000000 3.141593
7S14S 13.950000 0.000000 16.000000 2.000000 17.000000 17.000000
7S13L 12.950000 0.000000 15.000000 2.050000 17.000000 21.991149
7S15R 15.250000 0.000000 17.000000 1.570796 17.000000 1.570796
7S15S 14.950000 0.000000 17.000000 2.000000 17.000000 17.000000
7S14L 13.950000 0.000000 16.000000 2.050000 17.000000 23.561945
7S16L 7.050000 12.100000 9.100000 14.137167 17.000000 14.137167
7S15L 14.950000 0.000000 17.000000 2.050000 17.000000 25.132741
7S17L 6.000000 13.650000 8.100000 15.707963 17.000000 15.707963
7S18L 5.000000 15.250000 7.050000 17.278760 17.000000 17.278760
7S19L 4.000000 16.800000 6.050000 18.849556 17.000000 18.849556
7S20L 3.000000 18.400000 5.050000 20.420352 17.000000 20.420352
7S21L 2.000000 19.950000 4.050000 21.991149 17.000000 21.991149
7S24S 7.000000 14.950000 9.050000 17.000000 17.000000 17.000000
7S22L 1.000000 21.550000 3.050000 23.561945 17.000000 23.561945
7S23L 0.000000 23.100000 2.050000 25.132741 17.000000 25.132741
7S25S 6.000000 14.950000 8.050000 17.000000 17.000000 17.000000
7S26S 5.000000 14.950000 7.050000 17.000000 17.000000 17.000000
7S28S 3.000000 14.950000 5.050000 17.000000 17.000000 17.000000
7S29S 1.950000 14.950000 4.050000 17.000000 17.000000 17.000000
7S27S 4.000000 14.950000 6.050000 17.000000 17.000000 17.000000
7S30S 0.950000 14.950000 3.050000 17.000000 17.000000 17.000000
7S31S 0.000000 14.950000 2.000000 17.000000 17.000000 17.000000
7R6R 0.000000 0.050000 1.570796 3.141593 1.570796 3.141593
7R7S 0.000000 0.000000 1.570796 1.750000 1.570796 17.000000
7R7L 0.000000 0.000000 1.550000 1.700000 1.570796 25.132741
7S31L 11.250000 19.400000 17.000000 25.132741 17.000000 25.132741
7R23L 0.000000 23.450000 1.570796 25.132741 1.570796 25.132741
7R31S 0.000000 15.250000 1.570796 17.000000 1.570796 17.000000
