0L0S 0.000000 0.000000 4.050000 4.150000 12.566371 15.000000
0L0R 0.000000 0.000000 2.850000 2.850000 12.566371 10.995574
0L1L 0.750000 0.850000 12.450000 14.000000 12.566371 14.137167
0L7L 0.000000 8.350000 4.200000 12.550000 12.566371 12.566371
0L7S 8.500000 10.850000 12.566371 15.000000 12.566371 15.000000
0L8L 2.800000 8.850000 5.350000 11.350000 12.566371 14.137167
0L9L 4.150000 9.450000 6.400000 11.700000 12.566371 15.707963
0L10L 5.300000 10.250000 7.400000 12.350000 12.566371 17.278760
0L11L 6.350000 11.100000 8.400000 13.150000 12.566371 18.849556
0L12L 7.350000 12.100000 9.400000 14.150000 12.566371 20.420352
0L14S 0.000000 9.300000 5.800000 15.000000 12.566371 15.000000
0L13L 8.350000 13.200000 10.450000 15.250000 12.566371 21.991149
0L14R 9.700000 8.150000 12.566371 10.995574 12.566371 10.995574
0L15S 4.000000 8.250000 7.200000 11.400000 12.566371 15.000000
0L16S 5.750000 7.500000 8.400000 10.150000 12.566371 15.000000
0L17S 7.150000 6.900000 9.500000 9.300000 12.566371 15.000000
0L18S 8.350000 6.500000 10.550000 8.700000 12.566371 15.000000
0L19S 9.450000 6.200000 11.600000 8.300000 12.566371 15.000000
0L20S 10.500000 6.050000 12.566371 8.100000 12.566371 15.000000
0L19L 3.400000 7.300000 9.150000 13.100000 12.566371 20.420352
0L21S 6.750000 0.000000 12.550000 5.700000 12.566371 15.000000
0L20L 1.850000 6.600000 10.700000 15.400000 12.566371 21.991149
0L21L 8.350000 0.000000 12.550000 4.200000 12.566371 12.566371
0L22S 5.400000 3.600000 8.550000 6.750000 12.566371 15.000000
0L22L 7.250000 2.800000 9.750000 5.300000 12.566371 14.137167
0L23S 4.150000 4.850000 6.800000 7.500000 12.566371 15.000000
0L23L 6.200000 4.000000 8.400000 6.250000 12.566371 15.707963
0L24S 3.050000 5.700000 5.450000 8.100000 12.566371 15.000000
0L24L 5.150000 4.950000 7.300000 7.050000 12.566371 17.278760
0L25S 2.000000 6.300000 4.200000 8.500000 12.566371 15.000000
0L25L 4.150000 5.700000 6.250000 7.750000 12.566371 18.849556
0L26S 1.000000 6.700000 3.100000 8.800000 12.566371 15.000000
0L27S 0.000000 6.900000 2.050000 8.950000 12.566371 15.000000
0L26L 3.150000 6.300000 5.200000 8.350000 12.566371 20.420352
0S0R 0.000000 0.000000 3.900000 3.800000 15.000000 10.995574
0S1L 0.000000 0.000000 6.000000 6.150000 15.000000 14.137167
0L27L 2.150000 6.750000 4.200000 8.800000 12.566371 21.991149
0S0L 0.000000 0.000000 4.150000 4.050000 15.000000 12.566371
0S2L 4.100000 4.500000 7.550000 8.000000 15.000000 15.707963
0S3L 6.000000 6.700000 8.950000 9.700000 15.000000 17.278760
0S4L 7.550000 8.650000 10.250000 11.400000 15.000000 18.849556
0S7S 7.000000 6.000000 9.050000 8.050000 15.000000 15.000000
0S5L 8.900000 10.450000 11.500000 13.050000 15.000000 20.420352
0S7L 0.000000 6.750000 5.700000 12.550000 15.000000 12.566371
0S6L 10.200000 12.200000 12.700000 14.700000 15.000000 21.991149
0S7R 11.100000 7.200000 15.000000 10.995574 15.000000 10.995574
0S8S 8.000000 6.000000 10.000000 8.050000 15.000000 15.000000
0S8L 3.850000 6.550000 7.150000 9.900000 15.000000 14.137167
0S9S 9.000000 6.000000 11.000000 8.050000 15.000000 15.000000
0S10S 9.950000 6.000000 12.000000 8.050000 15.000000 15.000000
0S9L 5.650000 6.400000 8.500000 9.300000 15.000000 15.707963
0S11S 10.950000 6.000000 13.000000 8.050000 15.000000 15.000000
0S10L 7.100000 6.300000 9.750000 9.000000 15.000000 17.278760
0S12S 11.950000 6.000000 14.000000 8.050000 15.000000 15.000000
0S11L 8.450000 6.250000 11.000000 8.800000 15.000000 18.849556
0S13S 12.950000 6.000000 15.000000 8.050000 15.000000 15.000000
0S12L 9.700000 6.200000 12.150000 8.650000 15.000000 20.420352
0S14L 9.300000 0.000000 15.000000 5.800000 15.000000 12.566371
0S13L 10.950000 6.200000 13.300000 8.550000 15.000000 21.991149
0S15L 7.850000 4.250000 11.150000 7.600000 15.000000 14.137167
0S16L 6.500000 6.400000 9.350000 9.300000 15.000000 15.707963
0S17L 5.250000 8.300000 7.900000 10.950000 15.000000 17.278760
0S18L 4.000000 10.050000 6.550000 12.600000 15.000000 18.849556
0S21S 6.000000 7.000000 8.050000 9.050000 15.000000 15.000000
0S19L 2.850000 11.800000 5.300000 14.200000 15.000000 20.420352
0S21L 10.850000 8.500000 15.000000 12.566371 15.000000 12.566371
0S20L 1.700000 13.450000 4.050000 15.800000 15.000000 21.991149
0S22S 5.000000 7.000000 7.050000 9.050000 15.000000 15.000000
0S22L 9.000000 8.000000 14.950000 14.100000 15.000000 14.137167
0S23S 4.000000 7.000000 6.050000 9.050000 15.000000 15.000000
0S24S 3.000000 7.000000 5.050000 9.050000 15.000000 15.000000
0S23L 7.450000 7.750000 10.900000 11.200000 15.000000 15.707963
0S25S 1.950000 7.000000 4.050000 9.050000 15.000000 15.000000
0S24L 6.050000 7.550000 9.000000 10.550000 15.000000 17.278760
0S26S 0.950000 7.000000 3.050000 9.050000 15.000000 15.000000
0S25L 4.750000 7.450000 7.450000 10.200000 15.000000 18.849556
0S27S 0.000000 7.000000 2.000000 9.050000 15.000000 15.000000
0S26L 3.500000 7.350000 6.100000 9.950000 15.000000 20.420352
0R0S 0.000000 0.000000 3.800000 3.900000 10.995574 15.000000
0R0L 0.000000 0.000000 2.850000 2.850000 10.995574 12.566371
0S27L 2.300000 7.300000 4.800000 9.800000 15.000000 21.991149
0R1L 0.000000 0.000000 4.200000 4.150000 10.995574 14.137167
0R1S 0.000000 0.000000 5.450000 5.300000 10.995574 15.000000
0R1R 0.300000 0.250000 10.900000 9.350000 10.995574 9.424778
0R2S 3.750000 3.300000 6.750000 6.250000 10.995574 15.000000
0R2L 2.800000 2.700000 5.300000 5.200000 10.995574 15.707963
0R3L 4.150000 3.800000 6.350000 6.050000 10.995574 17.278760
0R3S 5.400000 4.450000 7.900000 6.950000 10.995574 15.000000
0R4S 6.700000 5.150000 9.000000 7.450000 10.995574 15.000000
0R4L 5.250000 4.650000 7.350000 6.750000 10.995574 18.849556
0R5S 7.850000 5.650000 10.000000 7.750000 10.995574 15.000000
0R5L 6.300000 5.300000 8.350000 7.350000 10.995574 20.420352
0R6S 8.950000 5.900000 10.995574 7.950000 10.995574 15.000000
0R6L 7.300000 5.750000 9.350000 7.800000 10.995574 21.991149
0R15L 6.800000 10.000000 10.995574 14.137167 10.995574 14.137167
0R16L 5.700000 10.550000 8.200000 13.000000 10.995574 15.707963
0R17L 4.650000 11.250000 6.850000 13.450000 10.995574 17.278760
0R18L 3.650000 12.100000 5.750000 14.200000 10.995574 18.849556
0R19L 2.650000 13.100000 4.700000 15.150000 10.995574 20.420352
0R14L 8.150000 9.700000 10.995574 12.566371 10.995574 12.566371
0R21S 7.200000 11.100000 10.995574 15.000000 10.995574 15.000000
0R20L 1.600000 14.200000 3.700000 16.250000 10.995574 21.991149
0R22S 5.550000 9.700000 10.995574 15.000000 10.995574 15.000000
0R23S 4.250000 8.750000 7.250000 11.700000 10.995574 15.000000
0R24S 3.100000 8.050000 5.600000 10.550000 10.995574 15.000000
0R25S 2.000000 7.550000 4.300000 9.850000 10.995574 15.000000
0R26S 1.000000 7.250000 3.150000 9.350000 10.995574 15.000000
0R27S 0.000000 7.050000 2.050000 9.100000 10.995574 15.000000
1L0L 0.850000 0.750000 14.000000 12.450000 14.137167 12.566371
0R27L 2.700000 8.150000 8.300000 13.850000 10.995574 21.991149
1L0S 0.000000 0.000000 6.150000 6.000000 14.137167 15.000000
1L0R 0.000000 0.000000 4.150000 4.200000 14.137167 10.995574
1L1S 0.000000 0.000000 4.300000 4.400000 14.137167 15.000000
1L1R 0.000000 0.000000 2.850000 2.800000 14.137167 9.424778
1L2L 0.400000 0.450000 13.100000 14.550000 14.137167 15.707963
1L7L 2.800000 7.250000 5.300000 9.750000 14.137167 12.566371
1L7S 8.000000 9.000000 14.100000 14.950000 14.137167 15.000000
1L8S 9.850000 10.600000 14.137167 15.000000 14.137167 15.000000
1L8L 4.100000 7.800000 6.350000 10.050000 14.137167 14.137167
1L9L 5.250000 8.450000 7.350000 10.600000 14.137167 15.707963
1L10L 6.300000 9.250000 8.350000 11.300000 14.137167 17.278760
1L11L 7.300000 10.100000 9.350000 12.150000 14.137167 18.849556
1L12L 8.300000 11.100000 10.400000 13.150000 14.137167 20.420352
1L14S 4.250000 7.850000 7.600000 11.150000 14.137167 15.000000
1L13L 9.300000 12.150000 11.400000 14.250000 14.137167 21.991149
1L14R 10.000000 6.800000 14.137167 10.995574 14.137167 10.995574
1L15S 6.100000 7.000000 8.850000 9.750000 14.137167 15.000000
1L15R 11.300000 6.600000 14.137167 9.424778 14.137167 9.424778
1L16S 7.550000 6.300000 10.000000 8.800000 14.137167 15.000000
1L17S 8.800000 5.800000 11.100000 8.100000 14.137167 15.000000
1L18S 9.950000 5.450000 12.150000 7.600000 14.137167 15.000000
1L18L 4.150000 6.450000 10.000000 12.400000 14.137167 18.849556
1L19S 11.050000 5.200000 13.150000 7.300000 14.137167 15.000000
1L20S 12.100000 5.050000 14.137167 7.100000 14.137167 15.000000
1L19L 2.550000 5.700000 11.600000 14.700000 14.137167 20.420352
1L21L 8.850000 2.800000 11.350000 5.350000 14.137167 12.566371
1L21S 6.550000 3.850000 9.900000 7.150000 14.137167 15.000000
1L20L 1.250000 5.300000 12.850000 16.700000 14.137167 21.991149
1L22S 5.300000 5.250000 8.050000 8.000000 14.137167 15.000000
1L22L 7.800000 4.100000 10.050000 6.350000 14.137167 14.137167
1L23S 4.100000 6.200000 6.600000 8.700000 14.137167 15.000000
1L24S 3.050000 6.900000 5.350000 9.200000 14.137167 15.000000
1L24L 5.750000 6.000000 7.850000 8.050000 14.137167 17.278760
1L25S 2.000000 7.400000 4.150000 9.550000 14.137167 15.000000
1L25L 4.750000 6.700000 6.800000 8.750000 14.137167 18.849556
1L26S 1.000000 7.700000 3.100000 9.800000 14.137167 15.000000
1L26L 3.750000 7.300000 5.800000 9.350000 14.137167 20.420352
1L27S 0.000000 7.900000 2.050000 9.950000 14.137167 15.000000
1S0R 0.000000 0.000000 5.300000 5.450000 15.000000 10.995574
1L27L 2.700000 7.750000 4.800000 9.850000 14.137167 21.991149
1S1R 0.000000 0.000000 3.650000 3.550000 15.000000 9.424778
1S1L 0.000000 0.000000 4.400000 4.300000 15.000000 14.137167
1S2L 0.000000 0.000000 6.350000 6.450000 15.000000 15.707963
1S3L 4.350000 4.700000 7.950000 8.350000 15.000000 17.278760
1L23L 6.750000 5.150000 8.900000 7.250000 14.137167 15.707963
1S4L 6.300000 7.000000 9.400000 10.100000 15.000000 18.849556
1S5L 7.900000 9.000000 10.750000 11.850000 15.000000 20.420352
1S7L 3.600000 5.400000 6.750000 8.550000 15.000000 12.566371
1S6L 9.350000 10.850000 12.000000 13.500000 15.000000 21.991149
1S7S 7.000000 5.000000 9.050000 7.050000 15.000000 15.000000
1S7R 9.700000 5.550000 15.000000 10.995574 15.000000 10.995574
1S8S 8.000000 5.000000 10.000000 7.050000 15.000000 15.000000
1S8L 5.250000 5.300000 8.000000 8.050000 15.000000 14.137167
1S9S 9.000000 5.000000 11.000000 7.050000 15.000000 15.000000
1S8R 11.350000 5.900000 15.000000 9.424778 15.000000 9.424778
1S10S 9.950000 5.000000 12.000000 7.050000 15.000000 15.000000
1S9L 6.700000 5.200000 9.250000 7.800000 15.000000 15.707963
1S11S 10.950000 5.000000 13.000000 7.050000 15.000000 15.000000
1S10L 8.000000 5.150000 10.400000 7.600000 15.000000 17.278760
1S12S 11.950000 5.000000 14.000000 7.050000 15.000000 15.000000
1S11L 9.200000 5.150000 11.550000 7.500000 15.000000 18.849556
1S13S 12.950000 5.000000 15.000000 7.050000 15.000000 15.000000
1S12L 10.350000 5.100000 12.650000 7.400000 15.000000 20.420352
1S14L 8.250000 4.000000 11.400000 7.200000 15.000000 12.566371
1S13L 11.500000 5.100000 13.750000 7.350000 15.000000 21.991149
1S15L 7.000000 6.100000 9.750000 8.850000 15.000000 14.137167
1S16L 5.750000 7.950000 8.300000 10.500000 15.000000 15.707963
1S17L 4.600000 9.650000 7.000000 12.100000 15.000000 17.278760
1S18L 3.450000 11.350000 5.800000 13.700000 15.000000 18.849556
1S21S 6.000000 8.000000 8.050000 10.000000 15.000000 15.000000
1S19L 2.350000 13.000000 4.650000 15.300000 15.000000 20.420352
1S20L 1.250000 14.650000 3.500000 16.900000 15.000000 21.991149
1S22S 5.000000 8.000000 7.050000 10.000000 15.000000 15.000000
1S22L 10.600000 9.850000 15.000000 14.137167 15.000000 14.137167
1S23S 4.000000 8.000000 6.050000 10.000000 15.000000 15.000000
1S24S 3.000000 8.000000 5.050000 10.000000 15.000000 15.000000
1S23L 8.650000 9.250000 15.000000 15.700000 15.000000 15.707963
1S25S 1.950000 8.000000 4.050000 10.000000 15.000000 15.000000
1S24L 7.050000 8.950000 10.650000 12.600000 15.000000 17.278760
1S26S 0.950000 8.000000 3.050000 10.000000 15.000000 15.000000
1S25L 5.600000 8.750000 8.700000 11.850000 15.000000 18.849556
1S27S 0.000000 8.000000 2.000000 10.000000 15.000000 15.000000
1S26L 4.250000 8.600000 7.100000 11.450000 15.000000 20.420352
1S27L 3.000000 8.500000 5.650000 11.150000 15.000000 21.991149
1R1S 0.000000 0.000000 3.550000 3.650000 9.424778 15.000000
1R0R 0.250000 0.300000 9.350000 10.900000 9.424778 10.995574
1R1L 0.000000 0.000000 2.800000 2.850000 9.424778 14.137167
1R2R 0.250000 0.200000 9.050000 7.550000 9.424778 7.853982
1R2L 0.000000 0.000000 4.100000 4.050000 9.424778 15.707963
1R2S 0.000000 0.000000 5.050000 4.900000 9.424778 15.000000
1R3L 2.750000 2.550000 5.200000 5.000000 9.424778 17.278760
1R3S 3.500000 3.000000 6.300000 5.750000 9.424778 15.000000
1R4S 5.000000 4.000000 7.400000 6.350000 9.424778 15.000000
1R4L 4.050000 3.550000 6.250000 5.750000 9.424778 18.849556
1R5S 6.250000 4.550000 8.450000 6.750000 9.424778 15.000000
1R5L 5.150000 4.250000 7.250000 6.350000 9.424778 20.420352
1R6S 7.350000 4.850000 9.424778 6.950000 9.424778 15.000000
1R6L 6.200000 4.750000 8.250000 6.800000 9.424778 21.991149
1R15L 6.600000 11.300000 9.424778 14.137167 9.424778 14.137167
1R16L 5.300000 11.650000 9.400000 15.700000 9.424778 15.707963
1R17L 4.200000 12.300000 6.650000 14.750000 9.424778 17.278760
1R18L 3.200000 13.100000 5.350000 15.300000 9.424778 18.849556
1R19L 2.200000 14.100000 4.250000 16.150000 9.424778 20.420352
1R20L 1.200000 15.200000 3.250000 17.250000 9.424778 21.991149
1R22S 5.900000 11.350000 9.424778 15.000000 9.424778 15.000000
1R23S 4.350000 10.100000 9.400000 15.000000 9.424778 15.000000
1R24S 3.100000 9.250000 5.950000 12.000000 9.424778 15.000000
1R25S 2.000000 8.650000 4.400000 11.000000 9.424778 15.000000
1R26S 1.000000 8.250000 3.150000 10.450000 9.424778 15.000000
1R27S 0.000000 8.050000 2.050000 10.150000 9.424778 15.000000
2L0S 4.500000 4.100000 8.000000 7.550000 15.707963 15.000000
2L0R 2.700000 2.800000 5.200000 5.300000 15.707963 10.995574
2L1S 0.000000 0.000000 6.450000 6.350000 15.707963 15.000000
2L1L 0.450000 0.400000 14.550000 13.100000 15.707963 14.137167
2L2R 0.000000 0.000000 2.750000 2.700000 15.707963 7.853982
2L2S 0.000000 0.000000 4.550000 4.600000 15.707963 15.000000
2L1R 0.000000 0.000000 4.050000 4.100000 15.707963 9.424778
2L3L 0.450000 0.500000 14.550000 16.000000 15.707963 17.278760
2L7S 7.750000 7.450000 11.200000 10.900000 15.707963 15.000000
2L7L 4.000000 6.200000 6.250000 8.400000 15.707963 12.566371
2L8S 9.250000 8.650000 15.700000 15.000000 15.707963 15.000000
2L8L 5.150000 6.750000 7.250000 8.900000 15.707963 14.137167
2L9S 11.150000 10.400000 15.707963 15.000000 15.707963 15.000000
2L9L 6.200000 7.450000 8.250000 9.500000 15.707963 15.707963
2L10L 7.200000 8.250000 9.250000 10.300000 15.707963 17.278760
2L11L 8.200000 9.100000 10.250000 11.150000 15.707963 18.849556
2L12L 9.200000 10.050000 11.300000 12.150000 15.707963 20.420352
2L14S 6.400000 6.500000 9.300000 9.350000 15.707963 15.000000
2L13L 10.200000 11.100000 12.350000 13.250000 15.707963 21.991149
2L14R 10.550000 5.700000 13.000000 8.200000 15.707963 10.995574
2L15S 7.950000 5.750000 10.500000 8.300000 15.707963 15.000000
2L15R 11.650000 5.300000 15.700000 9.400000 15.707963 9.424778
2L16S 9.250000 5.200000 11.600000 7.550000 15.707963 15.000000
2L16R 12.950000 5.150000 15.707963 7.853982 15.707963 7.853982
2L17S 10.450000 4.750000 12.700000 6.950000 15.707963 15.000000
2L17L 4.900000 5.650000 10.800000 11.600000 15.707963 17.278760
2L18S 11.550000 4.400000 13.700000 6.550000 15.707963 15.000000
2L18L 3.250000 4.850000 12.450000 14.000000 15.707963 18.849556
2L19S 12.650000 4.150000 14.750000 6.250000 15.707963 15.000000
2L20S 13.650000 4.000000 15.707963 6.100000 15.707963 15.000000
2L19L 2.000000 4.400000 13.700000 16.000000 15.707963 20.420352
2L21L 9.450000 4.150000 11.700000 6.400000 15.707963 12.566371
2L21S 6.400000 5.650000 9.300000 8.500000 15.707963 15.000000
2L20L 0.850000 4.150000 14.850000 17.850000 15.707963 21.991149
2L22S 5.200000 6.700000 7.800000 9.250000 15.707963 15.000000
2L22L 8.450000 5.250000 10.600000 7.350000 15.707963 14.137167
2L23S 4.100000 7.450000 6.450000 9.800000 15.707963 15.000000
2L23L 7.450000 6.200000 9.500000 8.250000 15.707963 15.707963
2L24S 3.000000 8.050000 5.250000 10.250000 15.707963 15.000000
2L24L 6.450000 7.000000 8.500000 9.050000 15.707963 17.278760
2L25S 2.000000 8.450000 4.150000 10.600000 15.707963 15.000000
2L26S 1.000000 8.750000 3.050000 10.850000 15.707963 15.000000
2L27S 0.000000 8.900000 2.050000 11.000000 15.707963 15.000000
2L26L 4.400000 8.300000 6.500000 10.350000 15.707963 20.420352
2L27L 3.350000 8.750000 5.500000 10.900000 15.707963 21.991149
2S0R 3.300000 3.750000 6.250000 6.750000 15.000000 10.995574
2S1R 0.000000 0.000000 4.900000 5.050000 15.000000 9.424778
2S2L 0.000000 0.000000 4.600000 4.550000 15.000000 15.707963
2S2R 0.000000 0.000000 3.350000 3.250000 15.000000 7.853982
2L25L 5.450000 7.700000 7.500000 9.750000 15.707963 18.849556
2S3L 0.000000 0.000000 6.650000 6.750000 15.000000 17.278760
2S4L 4.550000 4.900000 8.350000 8.700000 15.000000 18.849556
2S7S 7.000000 4.000000 9.050000 6.050000 15.000000 15.000000
2S7L 4.850000 4.150000 7.500000 6.800000 15.000000 12.566371
2S6L 8.300000 9.300000 11.200000 12.250000 15.000000 21.991149
2S7R 8.750000 4.250000 11.700000 7.250000 15.000000 10.995574
2S8S 8.000000 4.000000 10.000000 6.050000 15.000000 15.000000
2S8L 6.200000 4.100000 8.700000 6.600000 15.000000 14.137167
2S8R 10.100000 4.350000 15.000000 9.400000 15.000000 9.424778
2S9S 9.000000 4.000000 11.000000 6.050000 15.000000 15.000000
2S9L 7.450000 4.100000 9.800000 6.450000 15.000000 15.707963
2S9R 11.650000 4.600000 15.000000 7.853982 15.000000 7.853982
2S10S 9.950000 4.000000 12.000000 6.050000 15.000000 15.000000
2S10L 8.650000 4.050000 10.950000 6.350000 15.000000 17.278760
2S11S 10.950000 4.000000 13.000000 6.050000 15.000000 15.000000
2S12S 11.950000 4.000000 14.000000 6.050000 15.000000 15.000000
2S11L 9.750000 4.050000 12.000000 6.300000 15.000000 18.849556
2S5L 6.600000 7.300000 9.800000 10.500000 15.000000 20.420352
2S13S 12.950000 4.000000 15.000000 6.050000 15.000000 15.000000
2S12L 10.900000 4.050000 13.100000 6.250000 15.000000 20.420352
2S14L 7.500000 5.750000 10.150000 8.400000 15.000000 12.566371
2S13L 12.000000 4.050000 14.150000 6.250000 15.000000 21.991149
2S15L 6.300000 7.550000 8.800000 10.000000 15.000000 14.137167
2S16L 5.200000 9.250000 7.550000 11.600000 15.000000 15.707963
2S17L 4.050000 10.900000 6.350000 13.200000 15.000000 17.278760
2S18L 3.000000 12.550000 5.250000 14.800000 15.000000 18.849556
2S21S 6.000000 9.000000 8.050000 11.000000 15.000000 15.000000
2S19L 1.900000 14.150000 4.100000 16.400000 15.000000 20.420352
2S20L 0.850000 15.750000 3.000000 17.950000 15.000000 21.991149
2S22S 5.000000 9.000000 7.050000 11.000000 15.000000 15.000000
2S23S 4.000000 9.000000 6.050000 11.000000 15.000000 15.000000
2S24S 3.000000 9.000000 5.050000 11.000000 15.000000 15.000000
2S23L 10.400000 11.150000 15.000000 15.707963 15.000000 15.707963
2S25S 1.950000 9.000000 4.050000 11.000000 15.000000 15.000000
2S24L 8.350000 10.500000 14.950000 17.250000 15.000000 17.278760
2S26S 0.950000 9.000000 3.050000 11.000000 15.000000 15.000000
2S25L 6.650000 10.150000 10.450000 13.950000 15.000000 18.849556
2S27S 0.000000 9.000000 2.000000 11.000000 15.000000 15.000000
2S26L 5.200000 9.900000 8.400000 13.150000 15.000000 20.420352
2S27L 3.800000 9.750000 6.700000 12.700000 15.000000 21.991149
2R1R 0.200000 0.250000 7.550000 9.050000 7.853982 9.424778
2R2S 0.000000 0.000000 3.250000 3.350000 7.853982 15.000000
2R2L 0.000000 0.000000 2.700000 2.750000 7.853982 15.707963
2R3S 0.000000 0.000000 4.650000 4.500000 7.853982 15.000000
2R3R 0.450000 0.350000 7.800000 6.250000 7.853982 6.283185
2R3L 0.000000 0.000000 3.950000 3.850000 7.853982 17.278760
2R4S 3.200000 2.600000 5.800000 5.200000 7.853982 15.000000
2R5S 4.600000 3.450000 6.850000 5.700000 7.853982 15.000000
2R4L 2.650000 2.350000 5.050000 4.700000 7.853982 18.849556
2R5L 3.900000 3.200000 6.050000 5.350000 7.853982 20.420352
2R6S 5.750000 3.850000 7.853982 5.950000 7.853982 15.000000
2R6L 5.000000 3.750000 7.050000 5.800000 7.853982 21.991149
2R16L 5.150000 12.950000 7.853982 15.707963 7.853982 15.707963
2R17L 3.900000 13.400000 7.850000 17.278760 7.853982 17.278760
2R18L 2.850000 14.150000 5.200000 16.500000 7.853982 18.849556
2R19L 1.800000 15.100000 3.950000 17.200000 7.853982 20.420352
2R20L 0.800000 16.200000 2.900000 18.250000 7.853982 21.991149
2R23S 4.600000 11.650000 7.853982 15.000000 7.853982 15.000000
2R24S 3.200000 10.500000 7.850000 15.000000 7.853982 15.000000
2R25S 2.050000 9.800000 4.650000 12.400000 7.853982 15.000000
2R26S 1.000000 9.300000 3.250000 11.550000 7.853982 15.000000
2R27S 0.000000 9.050000 2.100000 11.150000 7.853982 15.000000
3L0S 6.700000 6.000000 9.700000 8.950000 17.278760 15.000000
3L1S 4.700000 4.350000 8.350000 7.950000 17.278760 15.000000
3L1R 2.550000 2.750000 5.000000 5.200000 17.278760 9.424778
3L2S 0.000000 0.000000 6.750000 6.650000 17.278760 15.000000
3L2R 0.000000 0.000000 3.850000 3.950000 17.278760 7.853982
3L2L 0.500000 0.450000 16.000000 14.550000 17.278760 15.707963
3L3R 0.000000 0.000000 2.600000 2.550000 17.278760 6.283185
3L3S 0.000000 0.000000 4.750000 4.800000 17.278760 15.000000
3L0R 3.800000 4.150000 6.050000 6.350000 17.278760 10.995574
3L4L 1.050000 1.150000 16.550000 18.050000 17.278760 18.849556
3L7L 4.950000 5.150000 7.050000 7.300000 17.278760 12.566371
3L7S 7.550000 6.050000 10.550000 9.000000 17.278760 15.000000
3L8S 8.950000 7.050000 12.600000 10.650000 17.278760 15.000000
3L8L 6.000000 5.750000 8.050000 7.850000 17.278760 14.137167
3L9S 10.500000 8.350000 17.250000 14.950000 17.278760 15.000000
3L9L 7.000000 6.450000 9.050000 8.500000 17.278760 15.707963
3L10S 12.550000 10.200000 17.278760 15.000000 17.278760 15.000000
3L10L 8.000000 7.200000 10.050000 9.300000 17.278760 17.278760
3L11L 9.000000 8.100000 11.100000 10.150000 17.278760 18.849556
3L12L 10.000000 9.000000 12.100000 11.150000 17.278760 20.420352
3L13L 11.050000 10.050000 13.150000 12.200000 17.278760 21.991149
3L14S 8.300000 5.250000 10.950000 7.900000 17.278760 15.000000
3L14R 11.250000 4.650000 13.450000 6.850000 17.278760 10.995574
3L15S 9.650000 4.600000 12.100000 7.000000 17.278760 15.000000
3L15R 12.300000 4.200000 14.750000 6.650000 17.278760 9.424778
3L16R 13.400000 3.900000 17.278760 7.850000 17.278760 7.853982
3L16S 10.900000 4.050000 13.200000 6.350000 17.278760 15.000000
3L16L 5.650000 4.900000 11.600000 10.800000 17.278760 15.707963
3L17R 14.700000 3.750000 17.278760 6.283185 17.278760 6.283185
3L17S 12.050000 3.650000 14.250000 5.850000 17.278760 15.000000
3L17L 4.050000 4.050000 13.250000 13.250000 17.278760 17.278760
3L18S 13.150000 3.350000 15.300000 5.500000 17.278760 15.000000
3L18L 2.750000 3.550000 14.550000 15.300000 17.278760 18.849556
3L19S 14.200000 3.150000 16.300000 5.250000 17.278760 15.000000
3L20S 15.250000 3.000000 17.278760 5.050000 17.278760 15.000000
3L19L 1.600000 3.250000 15.700000 17.150000 17.278760 20.420352
3L21L 10.250000 5.300000 12.350000 7.400000 17.278760 12.566371
3L21S 6.300000 7.100000 9.000000 9.750000 17.278760 15.000000
3L20L 0.500000 3.100000 16.750000 18.900000 17.278760 21.991149
3L22S 5.150000 8.000000 7.600000 10.400000 17.278760 15.000000
3L22L 9.250000 6.300000 11.300000 8.350000 17.278760 14.137167
3L23S 4.050000 8.650000 6.350000 10.950000 17.278760 15.000000
3L23L 8.250000 7.200000 10.300000 9.250000 17.278760 15.707963
3L24S 3.000000 9.150000 5.200000 11.350000 17.278760 15.000000
3L24L 7.200000 8.000000 9.300000 10.050000 17.278760 17.278760
3L25S 2.000000 9.500000 4.100000 11.650000 17.278760 15.000000
3L26S 1.000000 9.750000 3.050000 11.850000 17.278760 15.000000
3L25L 6.200000 8.700000 8.300000 10.750000 17.278760 18.849556
3L27S 0.000000 9.900000 2.050000 12.000000 17.278760 15.000000
3L26L 5.150000 9.300000 7.250000 11.400000 17.278760 20.420352
3S0R 4.450000 5.400000 6.950000 7.900000 15.000000 10.995574
3S1R 3.000000 3.500000 5.750000 6.300000 15.000000 9.424778
3L27L 4.100000 9.800000 6.250000 11.950000 17.278760 21.991149
3S2R 0.000000 0.000000 4.500000 4.650000 15.000000 7.853982
3S3R 0.000000 0.000000 3.000000 2.900000 15.000000 6.283185
3S3L 0.000000 0.000000 4.800000 4.750000 15.000000 17.278760
3S4L 0.000000 0.000000 6.950000 7.050000 15.000000 18.849556
3S7L 5.700000 3.050000 8.100000 5.450000 15.000000 12.566371
3S7S 7.000000 3.000000 9.050000 5.050000 15.000000 15.000000
3S6L 6.900000 7.550000 10.200000 10.900000 15.000000 21.991149
3S8S 8.000000 3.000000 10.000000 5.050000 15.000000 15.000000
3S7R 8.050000 3.100000 10.550000 5.600000 15.000000 10.995574
3S8L 6.900000 3.050000 9.200000 5.350000 15.000000 14.137167
3S8R 9.250000 3.100000 12.000000 5.950000 15.000000 9.424778
3S9S 9.000000 3.000000 11.000000 5.050000 15.000000 15.000000
3S9L 8.050000 3.000000 10.250000 5.250000 15.000000 15.707963
3S9R 10.500000 3.200000 15.000000 7.850000 15.000000 7.853982
3S10S 9.950000 3.000000 12.000000 5.050000 15.000000 15.000000
3S10R 12.000000 3.350000 15.000000 6.283185 15.000000 6.283185
3S10L 9.150000 3.000000 11.350000 5.200000 15.000000 17.278760
3S11S 10.950000 3.000000 13.000000 5.050000 15.000000 15.000000
3S12S 11.950000 3.000000 14.000000 5.050000 15.000000 15.000000
3S11L 10.200000 3.000000 12.400000 5.200000 15.000000 18.849556
3S13S 12.950000 3.000000 15.000000 5.050000 15.000000 15.000000
3S12L 11.300000 3.000000 13.450000 5.150000 15.000000 20.420352
3S14L 6.900000 7.150000 9.300000 9.500000 15.000000 12.566371
3S13L 12.350000 3.000000 14.500000 5.150000 15.000000 21.991149
3S15L 5.800000 8.800000 8.100000 11.100000 15.000000 14.137167
3S5L 4.750000 5.100000 8.700000 9.050000 15.000000 20.420352
3S16L 4.750000 10.450000 6.950000 12.700000 15.000000 15.707963
3S17L 3.650000 12.050000 5.850000 14.250000 15.000000 17.278760
3S18L 2.600000 13.650000 4.800000 15.850000 15.000000 18.849556
3S21S 6.000000 9.950000 8.050000 12.000000 15.000000 15.000000
3S20L 0.500000 16.850000 2.650000 19.000000 15.000000 21.991149
3S22S 5.000000 9.950000 7.050000 12.000000 15.000000 15.000000
3S19L 1.550000 15.250000 3.700000 17.400000 15.000000 20.420352
3S23S 4.000000 9.950000 6.050000 12.000000 15.000000 15.000000
3S24S 3.000000 9.950000 5.050000 12.000000 15.000000 15.000000
3S25S 1.950000 9.950000 4.050000 12.000000 15.000000 15.000000
3S24L 10.200000 12.550000 15.000000 17.278760 15.000000 17.278760
3S26S 0.950000 9.950000 3.050000 12.000000 15.000000 15.000000
3S25L 8.050000 11.800000 15.000000 18.849556 15.000000 18.849556
3S27S 0.000000 9.950000 2.000000 12.000000 15.000000 15.000000
3S26L 6.300000 11.400000 10.250000 15.300000 15.000000 20.420352
3S27L 4.800000 11.100000 8.100000 14.450000 15.000000 21.991149
3R2R 0.350000 0.450000 6.250000 7.800000 6.283185 7.853982
3R3S 0.000000 0.000000 2.900000 3.000000 6.283185 15.000000
3R4S 0.000000 0.000000 4.200000 4.000000 6.283185 15.000000
3R3L 0.000000 0.000000 2.550000 2.600000 6.283185 17.278760
3R4R 0.350000 0.250000 5.850000 4.400000 6.283185 4.712389
3R4L 0.000000 0.000000 3.750000 3.600000 6.283185 18.849556
3R5S 2.850000 2.200000 5.300000 4.600000 6.283185 15.000000
3R6S 4.150000 2.800000 6.283185 4.900000 6.283185 15.000000
3R5L 2.500000 2.050000 4.750000 4.300000 6.283185 20.420352
3R6L 3.700000 2.700000 5.750000 4.800000 6.283185 21.991149
3R17L 3.750000 14.700000 6.283185 17.278760 6.283185 17.278760
3R18L 2.550000 15.250000 6.283185 18.849556 6.283185 18.849556
3R19L 1.500000 16.100000 3.800000 18.350000 6.283185 20.420352
3R20L 0.500000 17.200000 2.600000 19.300000 6.283185 21.991149
3R24S 3.350000 12.000000 6.283185 15.000000 6.283185 15.000000
3R25S 2.050000 11.000000 6.250000 15.000000 6.283185 15.000000
3R26S 1.000000 10.400000 3.400000 12.800000 6.283185 15.000000
3R27S 0.000000 10.100000 2.100000 12.200000 6.283185 15.000000
4L0S 8.650000 7.550000 11.400000 10.250000 18.849556 15.000000
4L0R 4.650000 5.250000 6.750000 7.350000 18.849556 10.995574
4L1S 7.000000 6.300000 10.100000 9.400000 18.849556 15.000000
4L1R 3.550000 4.050000 5.750000 6.250000 18.849556 9.424778
4L2R 2.350000 2.650000 4.700000 5.050000 18.849556 7.853982
4L2S 4.900000 4.550000 8.700000 8.350000 18.849556 15.000000
4L3R 0.000000 0.000000 3.600000 3.750000 18.849556 6.283185
4L3L 1.150000 1.050000 18.050000 16.550000 18.849556 17.278760
4L3S 0.000000 0.000000 7.050000 6.950000 18.849556 15.000000
4L4S 0.000000 0.000000 4.950000 5.000000 18.849556 15.000000
4L4R 0.000000 0.000000 2.400000 2.300000 18.849556 4.712389
4L5L 1.150000 1.250000 18.650000 20.200000 18.849556 20.420352
4L7S 7.450000 4.750000 10.200000 7.450000 18.849556 15.000000
4L8S 8.750000 5.600000 11.850000 8.700000 18.849556 15.000000
4L8L 6.700000 4.750000 8.750000 6.800000 18.849556 14.137167
4L9S 10.150000 6.650000 13.950000 10.450000 18.849556 15.000000
4L7L 5.700000 4.150000 7.750000 6.250000 18.849556 12.566371
4L9L 7.700000 5.450000 9.750000 7.500000 18.849556 15.707963
4L11S 13.900000 10.000000 18.849556 15.000000 18.849556 15.000000
4L10L 8.700000 6.200000 10.750000 8.300000 18.849556 17.278760
4L11L 9.700000 7.050000 11.800000 9.150000 18.849556 18.849556
4L12L 10.700000 7.950000 12.850000 10.100000 18.849556 20.420352
4L10S 11.800000 8.050000 18.849556 15.000000 18.849556 15.000000
4L13L 11.750000 9.000000 13.950000 11.150000 18.849556 21.991149
4L14S 10.050000 4.000000 12.600000 6.550000 18.849556 15.000000
4L14R 12.100000 3.650000 14.200000 5.750000 18.849556 10.995574
4L15S 11.350000 3.450000 13.700000 5.800000 18.849556 15.000000
4L15L 6.450000 4.150000 12.400000 10.000000 18.849556 14.137167
4L15R 13.100000 3.200000 15.300000 5.350000 18.849556 9.424778
4L16S 12.550000 3.000000 14.800000 5.250000 18.849556 15.000000
4L16R 14.150000 2.850000 16.500000 5.200000 18.849556 7.853982
4L16L 4.850000 3.250000 14.000000 12.450000 18.849556 15.707963
4L17R 15.250000 2.550000 18.849556 6.283185 18.849556 6.283185
4L17S 13.650000 2.600000 15.850000 4.800000 18.849556 15.000000
4L17L 3.550000 2.750000 15.300000 14.550000 18.849556 17.278760
4L18R 16.450000 2.400000 18.849556 4.712389 18.849556 4.712389
4L18S 14.750000 2.350000 16.850000 4.450000 18.849556 15.000000
4L19S 15.800000 2.150000 17.850000 4.200000 18.849556 15.000000
4L18L 2.400000 2.400000 16.450000 16.450000 18.849556 18.849556
4L20S 16.800000 2.000000 18.849556 4.050000 18.849556 15.000000
4L19L 1.300000 2.150000 17.550000 18.250000 18.849556 20.420352
4L21L 11.100000 6.350000 13.150000 8.400000 18.849556 12.566371
4L20L 0.300000 2.050000 18.550000 19.950000 18.849556 21.991149
4L21S 6.250000 8.450000 8.800000 11.000000 18.849556 15.000000
4L22S 5.150000 9.200000 7.500000 11.550000 18.849556 15.000000
4L22L 10.100000 7.300000 12.150000 9.350000 18.849556 14.137167
4L23S 4.050000 9.750000 6.300000 12.000000 18.849556 15.000000
4L23L 9.100000 8.200000 11.150000 10.250000 18.849556 15.707963
4L24S 3.000000 10.200000 5.200000 12.400000 18.849556 15.000000
4L24L 8.100000 9.000000 10.150000 11.100000 18.849556 17.278760
4L25S 2.000000 10.550000 4.100000 12.650000 18.849556 15.000000
4L25L 7.050000 9.700000 9.150000 11.800000 18.849556 18.849556
4L26S 1.000000 10.800000 3.050000 12.850000 18.849556 15.000000
4L27S 0.000000 10.950000 2.050000 13.000000 18.849556 15.000000
4L26L 6.000000 10.300000 8.150000 12.450000 18.849556 20.420352
4S0R 5.150000 6.700000 7.450000 9.000000 15.000000 10.995574
4S1R 4.000000 5.000000 6.350000 7.400000 15.000000 9.424778
4L27L 4.900000 10.850000 7.100000 13.000000 18.849556 21.991149
4S2R 2.600000 3.200000 5.200000 5.800000 15.000000 7.853982
4S3R 0.000000 0.000000 4.000000 4.200000 15.000000 6.283185
4S4R 0.000000 0.000000 2.650000 2.550000 15.000000 4.712389
4S4L 0.000000 0.000000 5.000000 4.950000 15.000000 18.849556
4S5L 0.000000 0.000000 7.250000 7.350000 15.000000 20.420352
4S7L 6.300000 2.000000 8.500000 4.200000 15.000000 12.566371
4S7S 7.000000 2.000000 9.050000 4.050000 15.000000 15.000000
4S6L 5.000000 5.300000 9.000000 9.350000 15.000000 21.991149
4S8S 8.000000 2.000000 10.000000 4.050000 15.000000 15.000000
4S7R 7.550000 2.000000 9.850000 4.300000 15.000000 10.995574
4S8R 8.650000 2.000000 11.000000 4.400000 15.000000 9.424778
4S8L 7.400000 2.000000 9.550000 4.150000 15.000000 14.137167
4S9S 9.000000 2.000000 11.000000 4.050000 15.000000 15.000000
4S9L 8.450000 2.000000 10.600000 4.150000 15.000000 15.707963
4S9R 9.800000 2.050000 12.400000 4.650000 15.000000 7.853982
4S10S 9.950000 2.000000 12.000000 4.050000 15.000000 15.000000
4S11S 10.950000 2.000000 13.000000 4.050000 15.000000 15.000000
4S10R 11.000000 2.050000 15.000000 6.250000 15.000000 6.283185
4S10L 9.500000 2.000000 11.650000 4.100000 15.000000 17.278760
4S11R 12.350000 2.150000 15.000000 4.712389 15.000000 4.712389
4S12S 11.950000 2.000000 14.000000 4.050000 15.000000 15.000000
4S11L 10.550000 2.000000 12.650000 4.100000 15.000000 18.849556
4S13S 12.950000 2.000000 15.000000 4.050000 15.000000 15.000000
4S14L 6.500000 8.350000 8.700000 10.550000 15.000000 12.566371
4S13L 12.600000 2.000000 14.700000 4.100000 15.000000 21.991149
4S15L 5.450000 9.950000 7.600000 12.150000 15.000000 14.137167
4S16L 4.400000 11.550000 6.550000 13.700000 15.000000 15.707963
4S17L 3.350000 13.150000 5.500000 15.300000 15.000000 17.278760
4S18L 2.350000 14.750000 4.450000 16.850000 15.000000 18.849556
4S19L 1.300000 16.350000 3.400000 18.450000 15.000000 20.420352
4S21S 6.000000 10.950000 8.050000 13.000000 15.000000 15.000000
4S20L 0.300000 17.900000 2.400000 20.000000 15.000000 21.991149
4S22S 5.000000 10.950000 7.050000 13.000000 15.000000 15.000000
4S23S 4.000000 10.950000 6.050000 13.000000 15.000000 15.000000
4S24S 3.000000 10.950000 5.050000 13.000000 15.000000 15.000000
4S12L 11.600000 2.000000 13.700000 4.100000 15.000000 20.420352
4S25S 1.950000 10.950000 4.050000 13.000000 15.000000 15.000000
4S26S 0.950000 10.950000 3.050000 13.000000 15.000000 15.000000
4S25L 10.000000 13.900000 15.000000 18.849556 15.000000 18.849556
4S27S 0.000000 10.950000 2.000000 13.000000 15.000000 15.000000
4S27L 6.000000 12.650000 10.000000 16.700000 15.000000 21.991149
4S26L 7.750000 13.100000 14.950000 20.350000 15.000000 20.420352
4R3R 0.250000 0.350000 4.400000 5.850000 4.712389 6.283185
4R4S 0.000000 0.000000 2.550000 2.650000 4.712389 15.000000
4R5R 0.100000 0.050000 4.700000 3.141593 4.712389 3.141593
4R4L 0.000000 0.000000 2.300000 2.400000 4.712389 18.849556
4R5S 0.000000 0.000000 3.700000 3.500000 4.712389 15.000000
4R5L 0.000000 0.000000 3.450000 3.250000 4.712389 20.420352
4R6S 2.500000 1.700000 4.712389 3.900000 4.712389 15.000000
4R6L 2.250000 1.650000 4.450000 3.800000 4.712389 21.991149
4R18L 2.400000 16.450000 4.712389 18.849556 4.712389 18.849556
4R19L 1.300000 17.150000 4.712389 20.420352 4.712389 20.420352
4R20L 0.300000 18.200000 2.450000 20.350000 4.712389 21.991149
4R25S 2.150000 12.350000 4.712389 15.000000 4.712389 15.000000
4R26S 1.000000 11.500000 4.700000 15.000000 4.712389 15.000000
4R27S 0.000000 11.100000 2.200000 13.300000 4.712389 15.000000
5L0S 10.450000 8.900000 13.050000 11.500000 20.420352 15.000000
5L0R 5.300000 6.300000 7.350000 8.350000 20.420352 10.995574
5L1S 9.000000 7.900000 11.850000 10.750000 20.420352 15.000000
5L1R 4.250000 5.150000 6.350000 7.250000 20.420352 9.424778
5L2S 7.300000 6.600000 10.500000 9.800000 20.420352 15.000000
5L2R 3.200000 3.900000 5.350000 6.050000 20.420352 7.853982
5L3R 2.050000 2.500000 4.300000 4.750000 20.420352 6.283185
5L3S 5.100000 4.750000 9.050000 8.700000 20.420352 15.000000
5L4R 0.000000 0.000000 3.250000 3.450000 20.420352 4.712389
5L5R 0.000000 0.000000 2.100000 2.000000 20.420352 3.141593
5L4S 0.000000 0.000000 7.350000 7.250000 20.420352 15.000000
5L5S 0.000000 0.000000 5.150000 5.200000 20.420352 15.000000
5L4L 1.250000 1.150000 20.200000 18.650000 20.420352 18.849556
5L7S 7.350000 3.500000 9.950000 6.100000 20.420352 15.000000
5L7L 6.300000 3.150000 8.350000 5.200000 20.420352 12.566371
5L6L 0.600000 0.650000 19.550000 21.050000 20.420352 21.991149
5L8S 8.600000 4.250000 11.450000 7.100000 20.420352 15.000000
5L8L 7.300000 3.750000 9.350000 5.800000 20.420352 14.137167
5L9S 9.900000 5.200000 13.150000 8.400000 20.420352 15.000000
5L9L 8.300000 4.400000 10.350000 6.500000 20.420352 15.707963
5L10S 11.400000 6.300000 15.300000 10.250000 20.420352 15.000000
5L10L 9.300000 5.150000 11.400000 7.250000 20.420352 17.278760
5L11S 13.100000 7.750000 20.350000 14.950000 20.420352 15.000000
5L11L 10.300000 6.000000 12.450000 8.150000 20.420352 18.849556
5L12L 11.350000 6.900000 13.500000 9.050000 20.420352 20.420352
5L13L 12.400000 7.900000 14.600000 10.100000 20.420352 21.991149
5L14S 11.800000 2.850000 14.200000 5.300000 20.420352 15.000000
5L12S 15.250000 9.800000 20.420352 15.000000 20.420352 15.000000
5L14L 7.300000 3.400000 13.100000 9.150000 20.420352 12.566371
5L14R 13.100000 2.650000 15.150000 4.700000 20.420352 10.995574
5L15R 14.100000 2.200000 16.150000 4.250000 20.420352 9.424778
5L15L 5.700000 2.550000 14.700000 11.600000 20.420352 14.137167
5L16S 14.150000 1.900000 16.400000 4.100000 20.420352 15.000000
5L16R 15.100000 1.800000 17.200000 3.950000 20.420352 7.853982
5L16L 4.400000 2.000000 16.000000 13.700000 20.420352 15.707963
5L17S 15.250000 1.550000 17.400000 3.700000 20.420352 15.000000
5L17R 16.100000 1.500000 18.350000 3.800000 20.420352 6.283185
5L17L 3.250000 1.600000 17.150000 15.700000 20.420352 17.278760
5L18S 16.350000 1.300000 18.450000 3.400000 20.420352 15.000000
5L18R 17.150000 1.300000 20.420352 4.712389 20.420352 4.712389
5L15S 13.000000 2.350000 15.300000 4.650000 20.420352 15.000000
5L19R 18.300000 1.150000 20.420352 3.141593 20.420352 3.141593
5L18L 2.150000 1.300000 18.250000 17.550000 20.420352 18.849556
5L19S 17.350000 1.100000 19.450000 3.200000 20.420352 15.000000
5L20S 18.400000 1.000000 20.420352 3.050000 20.420352 15.000000
5L19L 1.150000 1.150000 19.300000 19.300000 20.420352 20.420352
5L21L 12.100000 7.350000 14.150000 9.400000 20.420352 12.566371
5L21S 6.200000 9.700000 8.650000 12.150000 20.420352 15.000000
5L20L 0.100000 1.000000 20.300000 21.000000 20.420352 21.991149
5L22S 5.100000 10.350000 7.400000 12.650000 20.420352 15.000000
5L22L 11.100000 8.300000 13.150000 10.400000 20.420352 14.137167
5L23S 4.050000 10.900000 6.250000 13.100000 20.420352 15.000000
5L23L 10.050000 9.200000 12.150000 11.300000 20.420352 15.707963
5L24S 3.000000 11.300000 5.150000 13.450000 20.420352 15.000000
5L24L 9.000000 10.000000 11.150000 12.100000 20.420352 17.278760
5L25S 2.000000 11.600000 4.100000 13.700000 20.420352 15.000000
5L25L 7.950000 10.700000 10.100000 12.850000 20.420352 18.849556
5L26S 1.000000 11.800000 3.050000 13.900000 20.420352 15.000000
5L27S 0.000000 11.950000 2.050000 14.000000 20.420352 15.000000
5L26L 6.900000 11.350000 9.050000 13.500000 20.420352 20.420352
5S0R 5.650000 7.850000 7.750000 10.000000 15.000000 10.995574
5S1R 4.550000 6.250000 6.750000 8.450000 15.000000 9.424778
5L27L 5.800000 11.900000 8.000000 14.100000 20.420352 21.991149
5S2R 3.450000 4.600000 5.700000 6.850000 15.000000 7.853982
5S3R 2.200000 2.850000 4.600000 5.300000 15.000000 6.283185
5S4R 0.000000 0.000000 3.500000 3.700000 15.000000 4.712389
5S5R 0.000000 0.000000 2.250000 2.100000 15.000000 3.141593
5S5L 0.000000 0.000000 5.200000 5.150000 15.000000 20.420352
5S7S 7.000000 1.000000 9.050000 3.050000 15.000000 15.000000
5S7L 6.700000 1.000000 8.800000 3.100000 15.000000 12.566371
5S6L 0.000000 0.000000 7.500000 7.600000 15.000000 21.991149
5S8S 8.000000 1.000000 10.000000 3.050000 15.000000 15.000000
5S7R 7.250000 1.000000 9.350000 3.150000 15.000000 10.995574
5S9S 9.000000 1.000000 11.000000 3.050000 15.000000 15.000000
5S8L 7.700000 1.000000 9.800000 3.100000 15.000000 14.137167
5S8R 8.250000 1.000000 10.450000 3.150000 15.000000 9.424778
5S10S 9.950000 1.000000 12.000000 3.050000 15.000000 15.000000
5S9R 9.300000 1.000000 11.550000 3.250000 15.000000 7.853982
5S9L 8.750000 1.000000 10.850000 3.050000 15.000000 15.707963
5S10R 10.400000 1.000000 12.800000 3.400000 15.000000 6.283185
5S11S 10.950000 1.000000 13.000000 3.050000 15.000000 15.000000
5S10L 9.750000 1.000000 11.850000 3.050000 15.000000 17.278760
5S11R 11.500000 1.000000 15.000000 4.700000 15.000000 4.712389
5S12R 12.750000 1.000000 15.000000 3.141593 15.000000 3.141593
5S12S 11.950000 1.000000 14.000000 3.050000 15.000000 15.000000
5S11L 10.800000 1.000000 12.850000 3.050000 15.000000 18.849556
5S13S 12.950000 1.000000 15.000000 3.050000 15.000000 15.000000
5S12L 11.800000 1.000000 13.900000 3.050000 15.000000 20.420352
5S14L 6.200000 9.450000 8.300000 11.600000 15.000000 12.566371
5S13L 12.800000 1.000000 14.900000 3.050000 15.000000 21.991149
5S15L 5.200000 11.050000 7.300000 13.150000 15.000000 14.137167
5S16L 4.150000 12.650000 6.250000 14.750000 15.000000 15.707963
5S17L 3.150000 14.200000 5.250000 16.300000 15.000000 17.278760
5S18L 2.150000 15.800000 4.200000 17.850000 15.000000 18.849556
5S21S 6.000000 11.950000 8.050000 14.000000 15.000000 15.000000
5S19L 1.100000 17.350000 3.200000 19.450000 15.000000 20.420352
5S22S 5.000000 11.950000 7.050000 14.000000 15.000000 15.000000
5S23S 4.000000 11.950000 6.050000 14.000000 15.000000 15.000000
5S24S 3.000000 11.950000 5.050000 14.000000 15.000000 15.000000
5S25S 1.950000 11.950000 4.050000 14.000000 15.000000 15.000000
5S26S 0.950000 11.950000 3.050000 14.000000 15.000000 15.000000
5S27S 0.000000 11.950000 2.000000 14.000000 15.000000 15.000000
5S26L 9.800000 15.250000 15.000000 20.420352 15.000000 20.420352
5S20L 0.100000 18.950000 2.200000 21.000000 15.000000 21.991149
5S27L 7.500000 14.400000 15.000000 21.991149 15.000000 21.991149
5R4R 0.050000 0.100000 3.141593 4.700000 3.141593 4.712389
5R5S 0.000000 0.000000 2.100000 2.250000 3.141593 15.000000
5R5L 0.000000 0.000000 2.000000 2.100000 3.141593 20.420352
5R6R 0.050000 0.000000 3.141593 1.570796 3.141593 1.570796
5R6S 0.000000 0.000000 3.141593 2.850000 3.141593 15.000000
5R6L 0.000000 0.000000 3.050000 2.750000 3.141593 21.991149
5R19L 1.150000 18.300000 3.141593 20.420352 3.141593 20.420352
5R20L 0.100000 19.250000 3.141593 21.991149 3.141593 21.991149
5R26S 1.000000 12.750000 3.141593 15.000000 3.141593 15.000000
5R27S 0.000000 12.150000 3.141593 15.000000 3.141593 15.000000
6L0S 12.200000 10.200000 14.700000 12.700000 21.991149 15.000000
6L0R 5.750000 7.300000 7.800000 9.350000 21.991149 10.995574
6L1S 10.850000 9.350000 13.500000 12.000000 21.991149 15.000000
6L1R 4.750000 6.200000 6.800000 8.250000 21.991149 9.424778
6L2S 9.300000 8.300000 12.250000 11.200000 21.991149 15.000000
6L2R 3.750000 5.000000 5.800000 7.050000 21.991149 7.853982
6L3R 2.700000 3.700000 4.800000 5.750000 21.991149 6.283185
6L3S 7.550000 6.900000 10.900000 10.200000 21.991149 15.000000
6L4R 1.650000 2.250000 3.800000 4.450000 21.991149 4.712389
6L4S 5.300000 5.000000 9.350000 9.000000 21.991149 15.000000
6L5R 0.000000 0.000000 2.750000 3.050000 21.991149 3.141593
6L5S 0.000000 0.000000 7.600000 7.500000 21.991149 15.000000
6L6R 0.000000 0.000000 1.700000 1.550000 21.991149 1.570796
6L6S 0.000000 0.000000 5.350000 5.400000 21.991149 15.000000
6L5L 0.650000 0.600000 21.050000 19.550000 21.991149 20.420352
6L7S 7.300000 2.300000 9.800000 4.800000 21.991149 15.000000
6L7L 6.750000 2.150000 8.800000 4.200000 21.991149 12.566371
6L7R 8.150000 2.700000 13.850000 8.300000 21.991149 10.995574
6L8S 8.500000 3.000000 11.150000 5.650000 21.991149 15.000000
6L8L 7.750000 2.700000 9.850000 4.800000 21.991149 14.137167
6L9S 9.750000 3.800000 12.700000 6.700000 21.991149 15.000000
6L9L 8.750000 3.350000 10.900000 5.500000 21.991149 15.707963
6L10S 11.100000 4.800000 14.450000 8.100000 21.991149 15.000000
6L10L 9.800000 4.100000 11.950000 6.250000 21.991149 17.278760
6L11S 12.650000 6.000000 16.700000 10.000000 21.991149 15.000000
6L12S 14.400000 7.500000 21.991149 15.000000 21.991149 15.000000
6L11L 10.850000 4.900000 13.000000 7.100000 21.991149 18.849556
6L13S 16.650000 9.600000 21.991149 15.000000 21.991149 15.000000
6L12L 11.900000 5.800000 14.100000 8.000000 21.991149 20.420352
6L14L 6.600000 1.850000 15.400000 10.700000 21.991149 12.566371
6L14S 13.450000 1.700000 15.800000 4.050000 21.991149 15.000000
6L13L 12.950000 6.750000 15.200000 9.050000 21.991149 21.991149
6L14R 14.200000 1.600000 16.250000 3.700000 21.991149 10.995574
6L15S 14.650000 1.250000 16.900000 3.500000 21.991149 15.000000
6L15R 15.200000 1.200000 17.250000 3.250000 21.991149 9.424778
6L15L 5.300000 1.250000 16.700000 12.850000 21.991149 14.137167
6L16R 16.200000 0.800000 18.250000 2.900000 21.991149 7.853982
6L16S 15.750000 0.850000 17.950000 3.000000 21.991149 15.000000
6L17R 17.200000 0.500000 19.300000 2.600000 21.991149 6.283185
6L17S 16.850000 0.500000 19.000000 2.650000 21.991149 15.000000
6L17L 3.100000 0.500000 18.900000 16.750000 21.991149 17.278760
6L16L 4.150000 0.850000 17.850000 14.850000 21.991149 15.707963
6L18S 17.900000 0.300000 20.000000 2.400000 21.991149 15.000000
6L18R 18.200000 0.300000 20.350000 2.450000 21.991149 4.712389
6L19R 19.250000 0.100000 21.991149 3.141593 21.991149 3.141593
6L18L 2.050000 0.300000 19.950000 18.550000 21.991149 18.849556
6L19S 18.950000 0.100000 21.000000 2.200000 21.991149 15.000000
6L20R 20.300000 0.000000 21.991149 1.570796 21.991149 1.570796
6L20S 19.950000 0.000000 21.991149 2.050000 21.991149 15.000000
6L21L 13.200000 8.350000 15.250000 10.450000 21.991149 12.566371
6L20L 0.000000 0.000000 21.991149 21.991149 21.991149 21.991149
6L21S 6.200000 10.950000 8.550000 13.300000 21.991149 15.000000
6L22S 5.100000 11.500000 7.350000 13.750000 21.991149 15.000000
6L22L 12.150000 9.300000 14.250000 11.400000 21.991149 14.137167
6L23S 4.050000 12.000000 6.250000 14.150000 21.991149 15.000000
6L23L 11.100000 10.200000 13.250000 12.350000 21.991149 15.707963
6L19L 1.000000 0.100000 21.000000 20.300000 21.991149 20.420352
6L24S 3.000000 12.350000 5.150000 14.500000 21.991149 15.000000
6L24L 10.050000 11.050000 12.200000 13.150000 21.991149 17.278760
6L25S 2.000000 12.600000 4.100000 14.700000 21.991149 15.000000
6L25L 9.000000 11.750000 11.150000 13.950000 21.991149 18.849556
6L26S 1.000000 12.800000 3.050000 14.900000 21.991149 15.000000
6L26L 7.900000 12.400000 10.100000 14.600000 21.991149 20.420352
6L27S 0.000000 12.950000 2.050000 15.000000 21.991149 15.000000
6S0R 5.900000 8.950000 7.950000 10.995574 15.000000 10.995574
6S1R 4.850000 7.350000 6.950000 9.424778 15.000000 9.424778
6L27L 6.750000 12.950000 9.050000 15.200000 21.991149 21.991149
6S2R 3.850000 5.750000 5.950000 7.853982 15.000000 7.853982
6S3R 2.800000 4.150000 4.900000 6.283185 15.000000 6.283185
6S4R 1.700000 2.500000 3.900000 4.712389 15.000000 4.712389
6S5R 0.000000 0.000000 2.850000 3.141593 15.000000 3.141593
6S6R 0.000000 0.000000 1.750000 1.570796 15.000000 1.570796
6S7S 7.000000 0.000000 9.050000 2.000000 15.000000 15.000000
6S7L 6.900000 0.000000 8.950000 2.050000 15.000000 12.566371
6S6L 0.000000 0.000000 5.400000 5.350000 15.000000 21.991149
6S7R 7.050000 0.000000 9.100000 2.050000 15.000000 10.995574
6S8S 8.000000 0.000000 10.000000 2.000000 15.000000 15.000000
6S8L 7.900000 0.000000 9.950000 2.050000 15.000000 14.137167
6S8R 8.050000 0.000000 10.150000 2.050000 15.000000 9.424778
6S9S 9.000000 0.000000 11.000000 2.000000 15.000000 15.000000
6S9R 9.050000 0.000000 11.150000 2.100000 15.000000 7.853982
6S10S 9.950000 0.000000 12.000000 2.000000 15.000000 15.000000
6S9L 8.900000 0.000000 11.000000 2.050000 15.000000 15.707963
6S10R 10.100000 0.000000 12.200000 2.100000 15.000000 6.283185
6S11S 10.950000 0.000000 13.000000 2.000000 15.000000 15.000000
6S10L 9.900000 0.000000 12.000000 2.050000 15.000000 17.278760
6S11R 11.100000 0.000000 13.300000 2.200000 15.000000 4.712389
6S12R 12.150000 0.000000 15.000000 3.141593 15.000000 3.141593
6S12S 11.950000 0.000000 14.000000 2.000000 15.000000 15.000000
6S11L 10.950000 0.000000 13.000000 2.050000 15.000000 18.849556
6S13R 13.250000 0.000000 15.000000 1.570796 15.000000 1.570796
6S13S 12.950000 0.000000 15.000000 2.000000 15.000000 15.000000
6S12L 11.950000 0.000000 14.000000 2.050000 15.000000 20.420352
6S14L 6.050000 10.500000 8.100000 12.566371 15.000000 12.566371
6S13L 12.950000 0.000000 15.000000 2.050000 15.000000 21.991149
6S15L 5.050000 12.100000 7.100000 14.137167 15.000000 14.137167
6S16L 4.000000 13.650000 6.100000 15.707963 15.000000 15.707963
6S17L 3.000000 15.250000 5.050000 17.278760 15.000000 17.278760
6S18L 2.000000 16.800000 4.050000 18.849556 15.000000 18.849556
6S21S 6.000000 12.950000 8.050000 15.000000 15.000000 15.000000
6S19L 1.000000 18.400000 3.050000 20.420352 15.000000 20.420352
6S20L 0.000000 19.950000 2.050000 21.991149 15.000000 21.991149
6S22S 5.000000 12.950000 7.050000 15.000000 15.000000 15.000000
6S23S 4.000000 12.950000 6.050000 15.000000 15.000000 15.000000
6S24S 3.000000 12.950000 5.050000 15.000000 15.000000 15.000000
6S25S 1.950000 12.950000 4.050000 15.000000 15.000000 15.000000
6S26S 0.950000 12.950000 3.050000 15.000000 15.000000 15.000000
6S27S 0.000000 12.950000 2.000000 15.000000 15.000000 15.000000
6R5R 0.000000 0.050000 1.570796 3.141593 1.570796 3.141593
6S27L 9.600000 16.650000 15.000000 21.991149 15.000000 21.991149
6R6S 0.000000 0.000000 1.570796 1.750000 1.570796 15.000000
6R6L 0.000000 0.000000 1.550000 1.700000 1.570796 21.991149
6R20L 0.000000 20.300000 1.570796 21.991149 1.570796 21.991149
6R27S 0.000000 13.250000 1.570796 15.000000 1.570796 15.000000
