0L0S 0.000000 0.000000 2.550000 2.650000 4.712389 5.000000
0L0R 0.000000 0.000000 1.800000 1.750000 4.712389 3.141593
0L1L 0.250000 0.350000 4.100000 5.450000 4.712389 6.283185
0L2S 2.150000 2.350000 4.712389 5.000000 4.712389 5.000000
0L2L 0.000000 1.900000 2.800000 4.700000 4.712389 4.712389
0L3L 1.750000 2.700000 3.800000 4.750000 4.712389 6.283185
0L4S 0.000000 1.500000 3.700000 5.000000 4.712389 5.000000
0L4R 2.950000 1.400000 4.712389 3.141593 4.712389 3.141593
0L5S 2.500000 1.100000 4.712389 3.300000 4.712389 5.000000
0L6S 1.000000 0.000000 4.700000 3.500000 4.712389 5.000000
0L6L 1.900000 0.000000 4.700000 2.800000 4.712389 4.712389
0L5L 0.400000 1.150000 4.300000 5.100000 4.712389 6.283185
0L7S 0.000000 1.700000 2.200000 3.900000 4.712389 5.000000
0S0L 0.000000 0.000000 2.650000 2.550000 5.000000 4.712389
0S0R 0.000000 0.000000 2.250000 2.100000 5.000000 3.141593
0L7L 0.900000 1.550000 3.000000 3.600000 4.712389 6.283185
0S2S 1.950000 1.000000 4.050000 3.050000 5.000000 5.000000
0S1L 0.000000 0.000000 4.000000 4.200000 5.000000 6.283185
0S2L 0.000000 1.000000 3.500000 4.700000 5.000000 4.712389
0S2R 2.750000 1.000000 5.000000 3.141593 5.000000 3.141593
0S3S 3.000000 1.000000 5.000000 3.050000 5.000000 5.000000
0S3L 2.200000 1.000000 4.600000 3.400000 5.000000 6.283185
0S4L 1.500000 0.000000 5.000000 3.700000 5.000000 4.712389
0S6S 0.950000 1.950000 3.050000 4.050000 5.000000 5.000000
0S5L 0.400000 2.850000 2.800000 5.300000 5.000000 6.283185
0S6L 2.350000 2.150000 5.000000 4.712389 5.000000 4.712389
0S7S 0.000000 1.950000 2.000000 4.050000 5.000000 5.000000
0R0S 0.000000 0.000000 2.100000 2.250000 3.141593 5.000000
0R0L 0.000000 0.000000 1.750000 1.800000 3.141593 4.712389
0S7L 1.000000 2.050000 5.000000 6.250000 5.000000 6.283185
0R1R 0.150000 0.050000 3.141593 1.570796 3.141593 1.570796
0R1S 0.000000 0.000000 3.141593 2.850000 3.141593 5.000000
0R1L 0.000000 0.000000 2.750000 2.600000 3.141593 6.283185
0R4L 1.400000 2.950000 3.141593 4.712389 3.141593 4.712389
0R5L 0.400000 3.700000 3.141593 6.283185 3.141593 6.283185
0R6S 1.000000 2.750000 3.141593 5.000000 3.141593 5.000000
0R7S 0.000000 2.150000 3.141593 5.000000 3.141593 5.000000
1L0S 0.000000 0.000000 4.200000 4.000000 6.283185 5.000000
1L0R 0.000000 0.000000 2.600000 2.750000 6.283185 3.141593
1L0L 0.350000 0.250000 5.450000 4.100000 6.283185 4.712389
1L1R 0.000000 0.000000 1.600000 1.500000 6.283185 1.570796
1L1S 0.000000 0.000000 2.900000 3.000000 6.283185 5.000000
1L2S 2.050000 1.000000 6.250000 5.000000 6.283185 5.000000
1L2L 1.550000 0.900000 3.600000 3.000000 6.283185 4.712389
1L3S 3.350000 2.000000 6.283185 5.000000 6.283185 5.000000
1L3L 2.550000 1.600000 4.650000 3.750000 6.283185 6.283185
1L4S 2.850000 0.400000 5.300000 2.800000 6.283185 5.000000
1L4R 3.700000 0.400000 6.283185 3.141593 6.283185 3.141593
1L4L 1.150000 0.400000 5.100000 4.300000 6.283185 4.712389
1L5R 4.700000 0.100000 6.283185 1.570796 6.283185 1.570796
1L5S 4.150000 0.100000 6.283185 2.200000 6.283185 5.000000
1L6S 1.000000 2.200000 3.400000 4.600000 6.283185 5.000000
1L5L 0.100000 0.100000 6.200000 6.200000 6.283185 6.283185
1L6L 2.700000 1.750000 4.750000 3.800000 6.283185 4.712389
1L7S 0.000000 2.800000 2.100000 4.900000 6.283185 5.000000
1S0R 0.000000 0.000000 2.850000 3.141593 5.000000 3.141593
1S1R 0.000000 0.000000 1.750000 1.570796 5.000000 1.570796
1S2S 1.950000 0.000000 4.050000 2.000000 5.000000 5.000000
1L7L 1.600000 2.550000 3.750000 4.650000 6.283185 6.283185
1S1L 0.000000 0.000000 3.000000 2.900000 5.000000 6.283185
1S2L 1.700000 0.000000 3.900000 2.200000 5.000000 4.712389
1S3R 3.250000 0.000000 5.000000 1.570796 5.000000 1.570796
1S2R 2.150000 0.000000 5.000000 3.141593 5.000000 3.141593
1S3S 3.000000 0.000000 5.000000 2.000000 5.000000 5.000000
1S3L 2.800000 0.000000 4.900000 2.100000 5.000000 6.283185
1S4L 1.100000 2.500000 3.300000 4.712389 5.000000 4.712389
1S6S 0.950000 3.000000 3.050000 5.000000 5.000000 5.000000
1S5L 0.100000 4.150000 2.200000 6.283185 5.000000 6.283185
1S7S 0.000000 3.000000 2.000000 5.000000 5.000000 5.000000
1R0R 0.050000 0.150000 1.570796 3.141593 1.570796 3.141593
1R1S 0.000000 0.000000 1.570796 1.750000 1.570796 5.000000
1S7L 2.000000 3.350000 5.000000 6.283185 5.000000 6.283185
1R1L 0.000000 0.000000 1.500000 1.600000 1.570796 6.283185
1R5L 0.100000 4.700000 1.570796 6.283185 1.570796 6.283185
1R7S 0.000000 3.250000 1.570796 5.000000 1.570796 5.000000
