0L0S 0.000000 0.000000 3.250000 3.350000 7.853982 9.000000
0L0R 0.000000 0.000000 2.300000 2.250000 7.853982 6.283185
0L1L 0.450000 0.550000 7.050000 8.450000 7.853982 9.424778
0L4S 4.600000 5.650000 7.853982 9.000000 7.853982 9.000000
0L4L 0.000000 4.450000 3.400000 7.850000 7.853982 7.853982
0L5L 2.250000 5.050000 4.450000 7.300000 7.853982 9.424778
0L6L 3.350000 5.850000 5.450000 7.950000 7.853982 10.995574
0L8S 0.000000 4.500000 4.650000 9.000000 7.853982 9.000000
0L8R 5.550000 4.000000 7.853982 6.283185 7.853982 6.283185
0L7L 4.400000 6.850000 6.450000 8.900000 7.853982 12.566371
0L9S 3.200000 3.800000 5.800000 6.400000 7.853982 9.000000
0L10S 4.600000 3.300000 6.850000 5.550000 7.853982 9.000000
0L10L 2.600000 4.150000 5.250000 6.850000 7.853982 10.995574
0L11S 5.750000 3.050000 7.853982 5.150000 7.853982 9.000000
0L12S 3.200000 0.000000 7.850000 4.500000 7.853982 9.000000
0L12L 4.450000 0.000000 7.850000 3.400000 7.853982 7.853982
0L11L 0.950000 3.300000 6.900000 9.250000 7.853982 12.566371
0L13S 2.050000 2.600000 4.650000 5.200000 7.853982 9.000000
0L13L 3.400000 2.150000 5.600000 4.350000 7.853982 9.424778
0L14S 1.000000 3.450000 3.250000 5.700000 7.853982 9.000000
0L14L 2.400000 3.050000 4.500000 5.150000 7.853982 10.995574
0L15S 0.000000 3.850000 2.100000 5.950000 7.853982 9.000000
0S0L 0.000000 0.000000 3.350000 3.250000 9.000000 7.853982
0S0R 0.000000 0.000000 3.000000 2.900000 9.000000 6.283185
0L15L 1.400000 3.650000 3.450000 5.700000 7.853982 12.566371
0S1L 0.000000 0.000000 4.900000 5.050000 9.000000 9.424778
0S2L 3.300000 3.750000 6.250000 6.750000 9.000000 10.995574
0S4S 4.000000 3.000000 6.050000 5.050000 9.000000 9.000000
0S4L 0.000000 3.200000 4.500000 7.850000 9.000000 7.853982
0S3L 4.850000 5.750000 7.500000 8.400000 9.000000 12.566371
0S4R 6.000000 3.350000 9.000000 6.283185 9.000000 6.283185
0S5S 5.000000 3.000000 7.050000 5.050000 9.000000 9.000000
0S5L 3.000000 3.100000 5.750000 5.950000 9.000000 9.424778
0S6S 6.000000 3.000000 8.050000 5.050000 9.000000 9.000000
0S7S 7.000000 3.000000 9.000000 5.050000 9.000000 9.000000
0S6L 4.450000 3.100000 6.950000 5.600000 9.000000 10.995574
0S7L 5.700000 3.050000 8.100000 5.450000 9.000000 12.566371
0S8L 4.500000 0.000000 9.000000 4.650000 9.000000 7.853982
0S9L 3.250000 3.500000 6.000000 6.300000 9.000000 9.424778
0S12S 3.000000 4.000000 5.050000 6.050000 9.000000 9.000000
0S10L 2.050000 5.400000 4.550000 7.900000 9.000000 10.995574
0S12L 5.650000 4.600000 9.000000 7.853982 9.000000 7.853982
0S11L 0.900000 7.150000 3.300000 9.500000 9.000000 12.566371
0S13S 1.950000 4.000000 4.050000 6.050000 9.000000 9.000000
0S14S 0.950000 4.000000 3.050000 6.050000 9.000000 9.000000
0S13L 4.100000 4.350000 9.000000 9.400000 9.000000 9.424778
0S15S 0.000000 4.000000 2.000000 6.050000 9.000000 9.000000
0S14L 2.750000 4.250000 5.700000 7.250000 9.000000 10.995574
0R0S 0.000000 0.000000 2.900000 3.000000 6.283185 9.000000
0R0L 0.000000 0.000000 2.250000 2.300000 6.283185 7.853982
0S15L 1.500000 4.150000 4.150000 6.800000 9.000000 12.566371
0R1L 0.000000 0.000000 3.400000 3.350000 6.283185 9.424778
0R1R 0.350000 0.250000 5.850000 4.400000 6.283185 4.712389
0R1S 0.000000 0.000000 4.200000 4.000000 6.283185 9.000000
0R2S 2.850000 2.200000 5.300000 4.600000 6.283185 9.000000
0R2L 2.200000 1.950000 4.400000 4.100000 6.283185 10.995574
0R3S 4.150000 2.800000 6.283185 4.900000 6.283185 9.000000
0R3L 3.350000 2.650000 5.400000 4.700000 6.283185 12.566371
0R8L 4.000000 5.550000 6.283185 7.853982 6.283185 7.853982
0R9L 2.900000 6.100000 6.283185 9.424778 6.283185 9.424778
0R10L 1.900000 6.850000 4.050000 9.050000 6.283185 10.995574
0R12S 3.350000 6.000000 6.283185 9.000000 6.283185 9.000000
0R11L 0.850000 7.850000 2.950000 9.900000 6.283185 12.566371
0R13S 2.050000 5.000000 6.250000 9.000000 6.283185 9.000000
0R14S 1.000000 4.400000 3.400000 6.800000 6.283185 9.000000
0R15S 0.000000 4.100000 2.100000 6.200000 6.283185 9.000000
1L0S 0.000000 0.000000 5.050000 4.900000 9.424778 9.000000
0R15L 1.900000 4.950000 4.400000 7.600000 6.283185 12.566371
1L0L 0.550000 0.450000 8.450000 7.050000 9.424778 7.853982
1L0R 0.000000 0.000000 3.350000 3.400000 9.424778 6.283185
1L1S 0.000000 0.000000 3.550000 3.650000 9.424778 9.000000
1L1R 0.000000 0.000000 2.200000 2.150000 9.424778 4.712389
1L2L 0.550000 0.650000 9.350000 10.900000 9.424778 10.995574
1L4S 4.350000 4.100000 9.400000 9.000000 9.424778 9.000000
1L4L 2.150000 3.400000 4.350000 5.600000 9.424778 7.853982
1L5S 5.900000 5.350000 9.424778 9.000000 9.424778 9.000000
1L5L 3.300000 4.050000 5.350000 6.150000 9.424778 9.424778
1L6L 4.300000 4.850000 6.350000 6.900000 9.424778 10.995574
1L8S 3.500000 3.250000 6.300000 6.000000 9.424778 9.000000
1L7L 5.300000 5.800000 7.400000 7.900000 9.424778 12.566371
1L8R 6.100000 2.900000 9.424778 6.283185 9.424778 6.283185
1L9S 5.000000 2.650000 7.400000 5.000000 9.424778 9.000000
1L9L 3.350000 3.350000 6.050000 6.050000 9.424778 9.424778
1L9R 7.250000 2.550000 9.424778 4.712389 9.424778 4.712389
1L10S 6.250000 2.250000 8.450000 4.450000 9.424778 9.000000
1L10L 1.700000 2.450000 7.750000 8.550000 9.424778 10.995574
1L11S 7.350000 2.050000 9.424778 4.150000 9.424778 9.000000
1L12S 3.100000 3.000000 5.950000 5.750000 9.424778 9.000000
1L11L 0.500000 2.100000 8.950000 10.450000 9.424778 12.566371
1L12L 5.050000 2.250000 7.300000 4.450000 9.424778 7.853982
1L13S 2.000000 4.000000 4.400000 6.350000 9.424778 9.000000
1L13L 4.050000 3.300000 6.150000 5.350000 9.424778 9.424778
1L14S 1.000000 4.550000 3.150000 6.750000 9.424778 9.000000
1L15S 0.000000 4.850000 2.050000 6.950000 9.424778 9.000000
1L14L 3.050000 4.050000 5.100000 6.150000 9.424778 10.995574
1S0R 0.000000 0.000000 4.000000 4.200000 9.000000 6.283185
1L15L 2.000000 4.650000 4.100000 6.750000 9.424778 12.566371
1S1L 0.000000 0.000000 3.650000 3.550000 9.000000 9.424778
1S1R 0.000000 0.000000 2.650000 2.550000 9.000000 4.712389
1S2L 0.000000 0.000000 5.300000 5.450000 9.000000 10.995574
1S4S 4.000000 1.950000 6.050000 4.050000 9.000000 9.000000
1S3L 3.600000 4.000000 6.750000 7.200000 9.000000 12.566371
1S4L 2.600000 2.050000 5.200000 4.650000 9.000000 7.853982
1S4R 5.000000 2.050000 9.000000 6.250000 9.000000 6.283185
1S5S 5.000000 1.950000 7.050000 4.050000 9.000000 9.000000
1S5R 6.350000 2.150000 9.000000 4.712389 9.000000 4.712389
1S5L 4.000000 2.000000 6.350000 4.400000 9.000000 9.424778
1S6S 6.000000 1.950000 8.050000 4.050000 9.000000 9.000000
1S6L 5.150000 2.000000 7.450000 4.300000 9.000000 10.995574
1S7S 7.000000 1.950000 9.000000 4.050000 9.000000 9.000000
1S8L 3.800000 3.200000 6.400000 5.800000 9.000000 7.853982
1S7L 6.300000 2.000000 8.500000 4.200000 9.000000 12.566371
1S9L 2.650000 5.000000 5.000000 7.400000 9.000000 9.424778
1S12S 3.000000 5.000000 5.050000 7.050000 9.000000 9.000000
1S10L 1.550000 6.700000 3.850000 9.000000 9.000000 10.995574
1S11L 0.500000 8.350000 2.700000 10.550000 9.000000 12.566371
1S13S 1.950000 5.000000 4.050000 7.050000 9.000000 9.000000
1S13L 5.350000 5.900000 9.000000 9.424778 9.000000 9.424778
1S14S 0.950000 5.000000 3.050000 7.050000 9.000000 9.000000
1S14L 3.700000 5.550000 9.000000 10.995574 9.000000 10.995574
1S15L 2.250000 5.400000 5.400000 8.550000 9.000000 12.566371
1R0R 0.250000 0.350000 4.400000 5.850000 4.712389 6.283185
1R1L 0.000000 0.000000 2.150000 2.200000 4.712389 9.424778
1R1S 0.000000 0.000000 2.550000 2.650000 4.712389 9.000000
1R2R 0.250000 0.150000 4.700000 3.141593 4.712389 3.141593
1R2L 0.000000 0.000000 3.250000 3.100000 4.712389 10.995574
1R2S 0.000000 0.000000 3.700000 3.500000 4.712389 9.000000
1R3S 2.500000 1.700000 4.712389 3.900000 4.712389 9.000000
1R3L 2.100000 1.600000 4.250000 3.700000 4.712389 12.566371
1R9L 2.550000 7.250000 4.712389 9.424778 4.712389 9.424778
1S15S 0.000000 5.000000 2.000000 7.050000 9.000000 9.000000
1R10L 1.500000 7.900000 4.700000 10.995574 4.712389 10.995574
1R11L 0.500000 8.850000 2.600000 10.950000 4.712389 12.566371
1R13S 2.150000 6.350000 4.712389 9.000000 4.712389 9.000000
1R14S 1.000000 5.500000 4.700000 9.000000 4.712389 9.000000
1R15S 0.000000 5.100000 2.200000 7.300000 4.712389 9.000000
2L0S 3.750000 3.300000 6.750000 6.250000 10.995574 9.000000
2L0R 1.950000 2.200000 4.100000 4.400000 10.995574 6.283185
2L1S 0.000000 0.000000 5.450000 5.300000 10.995574 9.000000
2L1R 0.000000 0.000000 3.100000 3.250000 10.995574 4.712389
2L1L 0.650000 0.550000 10.900000 9.350000 10.995574 9.424778
2L2S 0.000000 0.000000 3.800000 3.900000 10.995574 9.000000
2L2R 0.000000 0.000000 2.000000 1.900000 10.995574 3.141593
2L4S 4.250000 2.750000 7.250000 5.700000 10.995574 9.000000
2L4L 3.050000 2.400000 5.150000 4.500000 10.995574 7.853982
2L3L 0.650000 0.750000 10.200000 11.650000 10.995574 12.566371
2L5S 5.550000 3.700000 10.995574 9.000000 10.995574 9.000000
2L5L 4.050000 3.050000 6.150000 5.100000 10.995574 9.424778
2L6S 7.200000 5.100000 10.995574 9.000000 10.995574 9.000000
2L6L 5.100000 3.850000 7.150000 5.900000 10.995574 10.995574
2L8S 5.400000 2.050000 7.900000 4.550000 10.995574 9.000000
2L7L 6.100000 4.750000 8.200000 6.900000 10.995574 12.566371
2L8L 4.150000 2.600000 6.850000 5.250000 10.995574 7.853982
2L8R 6.850000 1.900000 9.050000 4.050000 10.995574 6.283185
2L9R 7.900000 1.500000 10.995574 4.700000 10.995574 4.712389
2L9S 6.700000 1.550000 9.000000 3.850000 10.995574 9.000000
2L10R 9.000000 1.200000 10.995574 3.141593 10.995574 3.141593
2L9L 2.450000 1.700000 8.550000 7.750000 10.995574 9.424778
2L10S 7.850000 1.250000 10.000000 3.350000 10.995574 9.000000
2L10L 1.250000 1.250000 9.750000 9.750000 10.995574 10.995574
2L11S 8.950000 1.050000 10.995574 3.100000 10.995574 9.000000
2L12S 3.100000 4.450000 5.600000 6.950000 10.995574 9.000000
2L12L 5.850000 3.350000 7.950000 5.450000 10.995574 7.853982
2L11L 0.200000 1.050000 10.800000 11.500000 10.995574 12.566371
2L13S 2.000000 5.150000 4.300000 7.450000 10.995574 9.000000
2L13L 4.850000 4.300000 6.900000 6.350000 10.995574 9.424778
2L14S 1.000000 5.650000 3.150000 7.750000 10.995574 9.000000
2L14L 3.850000 5.100000 5.900000 7.150000 10.995574 10.995574
2L15S 0.000000 5.900000 2.050000 7.950000 10.995574 9.000000
2S0R 2.200000 2.850000 4.600000 5.300000 9.000000 6.283185
2S1R 0.000000 0.000000 3.500000 3.700000 9.000000 4.712389
2L15L 2.750000 5.650000 4.900000 7.800000 10.995574 12.566371
2S2R 0.000000 0.000000 2.250000 2.100000 9.000000 3.141593
2S2L 0.000000 0.000000 3.900000 3.800000 9.000000 10.995574
2S4S 4.000000 1.000000 6.050000 3.050000 9.000000 9.000000
2S4L 3.450000 1.000000 5.700000 3.250000 9.000000 7.853982
2S3L 0.000000 0.000000 5.700000 5.800000 9.000000 12.566371
2S4R 4.400000 1.000000 6.800000 3.400000 9.000000 6.283185
2S5S 5.000000 1.000000 7.050000 3.050000 9.000000 9.000000
2S5R 5.500000 1.000000 9.000000 4.700000 9.000000 4.712389
2S5L 4.550000 1.000000 6.750000 3.150000 9.000000 9.424778
2S6S 6.000000 1.000000 8.050000 3.050000 9.000000 9.000000
2S6R 6.750000 1.000000 9.000000 3.141593 9.000000 3.141593
2S7S 7.000000 1.000000 9.000000 3.050000 9.000000 9.000000
2S6L 5.650000 1.000000 7.750000 3.150000 9.000000 10.995574
2S8L 3.300000 4.600000 5.550000 6.850000 9.000000 7.853982
2S7L 6.700000 1.000000 8.800000 3.100000 9.000000 12.566371
2S9L 2.250000 6.250000 4.450000 8.450000 9.000000 9.424778
2S12S 3.000000 6.000000 5.050000 8.050000 9.000000 9.000000
2S10L 1.250000 7.850000 3.350000 10.000000 9.000000 10.995574
2S11L 0.200000 9.450000 2.300000 11.600000 9.000000 12.566371
2S13S 1.950000 6.000000 4.050000 8.050000 9.000000 9.000000
2S14S 0.950000 6.000000 3.050000 8.050000 9.000000 9.000000
2S15S 0.000000 6.000000 2.000000 8.050000 9.000000 9.000000
2S14L 5.100000 7.200000 9.000000 10.995574 9.000000 10.995574
2R1R 0.150000 0.250000 3.141593 4.700000 3.141593 4.712389
2S15L 3.300000 6.750000 9.000000 12.550000 9.000000 12.566371
2R2S 0.000000 0.000000 2.100000 2.250000 3.141593 9.000000
2R3R 0.050000 0.000000 3.141593 1.570796 3.141593 1.570796
2R3S 0.000000 0.000000 3.141593 2.850000 3.141593 9.000000
2R2L 0.000000 0.000000 1.900000 2.000000 3.141593 10.995574
2R3L 0.000000 0.000000 2.950000 2.700000 3.141593 12.566371
2R10L 1.200000 9.000000 3.141593 10.995574 3.141593 10.995574
2R11L 0.200000 9.850000 3.141593 12.566371 3.141593 12.566371
2R14S 1.000000 6.750000 3.141593 9.000000 3.141593 9.000000
2R15S 0.000000 6.150000 3.141593 9.000000 3.141593 9.000000
3L0S 5.750000 4.850000 8.400000 7.500000 12.566371 9.000000
3L0R 2.650000 3.350000 4.700000 5.400000 12.566371 6.283185
3L1S 4.000000 3.600000 7.200000 6.750000 12.566371 9.000000
3L1R 1.600000 2.100000 3.700000 4.250000 12.566371 4.712389
3L2R 0.000000 0.000000 2.700000 2.950000 12.566371 3.141593
3L2S 0.000000 0.000000 5.800000 5.700000 12.566371 9.000000
3L3R 0.000000 0.000000 1.650000 1.550000 12.566371 1.570796
3L3S 0.000000 0.000000 4.050000 4.150000 12.566371 9.000000
3L2L 0.750000 0.650000 11.650000 10.200000 12.566371 10.995574
3L4S 4.150000 1.500000 6.800000 4.150000 12.566371 9.000000
3L4L 3.650000 1.400000 5.700000 3.450000 12.566371 7.853982
3L4R 4.950000 1.900000 7.600000 4.400000 12.566371 6.283185
3L5S 5.400000 2.250000 8.550000 5.400000 12.566371 9.000000
3L5L 4.650000 2.000000 6.750000 4.100000 12.566371 9.424778
3L6S 6.750000 3.300000 12.550000 9.000000 12.566371 9.000000
3L6L 5.650000 2.750000 7.800000 4.900000 12.566371 10.995574
3L7S 8.500000 4.850000 12.566371 9.000000 12.566371 9.000000
3L8S 7.150000 0.900000 9.500000 3.300000 12.566371 9.000000
3L7L 6.700000 3.650000 8.900000 5.850000 12.566371 12.566371
3L8R 7.850000 0.850000 9.900000 2.950000 12.566371 6.283185
3L8L 3.300000 0.950000 9.250000 6.900000 12.566371 7.853982
3L9R 8.850000 0.500000 10.950000 2.600000 12.566371 4.712389
3L9S 8.350000 0.500000 10.550000 2.700000 12.566371 9.000000
3L10R 9.850000 0.200000 12.566371 3.141593 12.566371 3.141593
3L9L 2.100000 0.500000 10.450000 8.950000 12.566371 9.424778
3L10S 9.450000 0.200000 11.600000 2.300000 12.566371 9.000000
3L11R 10.900000 0.050000 12.566371 1.570796 12.566371 1.570796
3L10L 1.050000 0.200000 11.500000 10.800000 12.566371 10.995574
3L11S 10.500000 0.050000 12.566371 2.100000 12.566371 9.000000
3L12S 3.050000 5.700000 5.450000 8.100000 12.566371 9.000000
3L12L 6.850000 4.400000 8.900000 6.450000 12.566371 7.853982
3L11L 0.050000 0.050000 12.550000 12.550000 12.566371 12.566371
3L13S 2.000000 6.300000 4.200000 8.500000 12.566371 9.000000
3L13L 5.800000 5.300000 7.900000 7.400000 12.566371 9.424778
3L14S 1.000000 6.700000 3.100000 8.800000 12.566371 9.000000
3L14L 4.750000 6.100000 6.900000 8.200000 12.566371 10.995574
3L15S 0.000000 6.900000 2.050000 8.950000 12.566371 9.000000
3S0R 2.800000 4.150000 4.900000 6.283185 9.000000 6.283185
3S1R 1.700000 2.500000 3.900000 4.712389 9.000000 4.712389
3S2R 0.000000 0.000000 2.850000 3.141593 9.000000 3.141593
3S3R 0.000000 0.000000 1.750000 1.570796 9.000000 1.570796
3L15L 3.650000 6.700000 5.850000 8.900000 12.566371 12.566371
3S4S 4.000000 0.000000 6.050000 2.000000 9.000000 9.000000
3S3L 0.000000 0.000000 4.150000 4.050000 9.000000 12.566371
3S4L 3.850000 0.000000 5.950000 2.100000 9.000000 7.853982
3S4R 4.100000 0.000000 6.200000 2.100000 9.000000 6.283185
3S5S 5.000000 0.000000 7.050000 2.000000 9.000000 9.000000
3S5R 5.100000 0.000000 7.300000 2.200000 9.000000 4.712389
3S5L 4.850000 0.000000 6.950000 2.050000 9.000000 9.424778
3S6S 6.000000 0.000000 8.050000 2.000000 9.000000 9.000000
3S6R 6.150000 0.000000 9.000000 3.141593 9.000000 3.141593
3S7R 7.250000 0.000000 9.000000 1.570796 9.000000 1.570796
3S7S 7.000000 0.000000 9.000000 2.000000 9.000000 9.000000
3S6L 5.900000 0.000000 7.950000 2.050000 9.000000 10.995574
3S7L 6.900000 0.000000 8.950000 2.050000 9.000000 12.566371
3S8L 3.050000 5.750000 5.150000 7.853982 9.000000 7.853982
3S9L 2.050000 7.350000 4.150000 9.424778 9.000000 9.424778
3S10L 1.050000 8.950000 3.100000 10.995574 9.000000 10.995574
3S12S 3.000000 7.000000 5.050000 9.000000 9.000000 9.000000
3S11L 0.050000 10.500000 2.100000 12.566371 9.000000 12.566371
3S13S 1.950000 7.000000 4.050000 9.000000 9.000000 9.000000
3S14S 0.950000 7.000000 3.050000 9.000000 9.000000 9.000000
3S15S 0.000000 7.000000 2.000000 9.000000 9.000000 9.000000
3S15L 4.850000 8.500000 9.000000 12.566371 9.000000 12.566371
3R2R 0.000000 0.050000 1.570796 3.141593 1.570796 3.141593
3R3S 0.000000 0.000000 1.570796 1.750000 1.570796 9.000000
3R3L 0.000000 0.000000 1.550000 1.650000 1.570796 12.566371
3R11L 0.050000 10.900000 1.570796 12.566371 1.570796 12.566371
3R15S 0.000000 7.250000 1.570796 9.000000 1.570796 9.000000
